FeatureNum,FS_Method,Scaler,AugName,ImblName,Model,Norm_Order,Prob_Threshold,Split_Ratio,Random_State,Timestamp,RunID,LogDir,Model_RunID,Accuracy,Macro_Precision,Macro_Recall,Macro_F1,Weighted_Precision,Weighted_Recall,Weighted_F1,Micro_Precision,Micro_Recall,Micro_F1,Integrated_Score
4,biMaxInfgain,minmax,noAug,noImbl,DTmodel,last,0.5,0.1,23,2026-05-28 21:25:08,20260528-212448,log/pimaindians_diabetes_v3/4/biMaxInfgain/noAug__noImbl__minmax/DTmodel,1779974700814_163e1a7b17799747081541648,0.7012987012987013,0.6769503546099291,0.6848148148148148,0.6796889130041599,0.7098922354241503,0.7012987012987013,0.7045401695428825,0.7012987012987013,0.7012987012987013,0.7012987012987013,0.6953195833864261
4,biMaxInfgain,minmax,noAug,noImbl,DTmodel,last,0.5,0.2,23,2026-05-28 21:25:11,20260528-212448,log/pimaindians_diabetes_v3/4/biMaxInfgain/noAug__noImbl__minmax/DTmodel,1779974700814_163e1a7b17799747114059768,0.6818181818181818,0.645754623185524,0.6357407407407407,0.639068254651552,0.6734033514705616,0.6818181818181818,0.6761719650225891,0.6818181818181818,0.6818181818181818,0.6818181818181818,0.6655031772180764
4,biMaxInfgain,minmax,noAug,noImbl,GradientBoosting,last,0.5,0.1,23,2026-05-28 21:25:08,20260528-212448,log/pimaindians_diabetes_v3/4/biMaxInfgain/noAug__noImbl__minmax/GradientBoosting,1779974700814_163e1a7b17799747084939329,0.6623376623376623,0.6384992987377279,0.6462962962962963,0.6404454022988506,0.6750514562576274,0.6623376623376623,0.6669465591879384,0.6623376623376623,0.6623376623376623,0.6623376623376623,0.6570285642872482
4,biMaxInfgain,minmax,noAug,noImbl,GradientBoosting,last,0.5,0.2,23,2026-05-28 21:25:11,20260528-212448,log/pimaindians_diabetes_v3/4/biMaxInfgain/noAug__noImbl__minmax/GradientBoosting,1779974700814_163e1a7b17799747117403606,0.7662337662337663,0.7438461538461538,0.7348148148148148,0.7386877828054299,0.7629170829170829,0.7662337662337663,0.7640300875594993,0.7662337662337663,0.7662337662337663,0.7662337662337663,0.7560589922060509
4,biMaxInfgain,minmax,noAug,noImbl,LogisticRegression,last,0.5,0.1,23,2026-05-28 21:25:08,20260528-212448,log/pimaindians_diabetes_v3/4/biMaxInfgain/noAug__noImbl__minmax/LogisticRegression,1779974700814_163e1a7b17799747082748031,0.7532467532467533,0.7295918367346939,0.7333333333333334,0.7313131313131314,0.755499602438378,0.7532467532467533,0.7542437360619179,0.7532467532467533,0.7532467532467533,0.7532467532467532,0.7459747086555988
4,biMaxInfgain,minmax,noAug,noImbl,LogisticRegression,last,0.5,0.2,23,2026-05-28 21:25:11,20260528-212448,log/pimaindians_diabetes_v3/4/biMaxInfgain/noAug__noImbl__minmax/LogisticRegression,1779974700814_163e1a7b17799747115273029,0.7402597402597403,0.7144261006289309,0.702037037037037,0.7068341899866742,0.7349148493016417,0.7402597402597403,0.7364029459974635,0.7402597402597403,0.7402597402597403,0.7402597402597403,0.7277272651982777
4,biMaxInfgain,minmax,noAug,noImbl,XGBmodel,last,0.5,0.1,23,2026-05-28 21:25:08,20260528-212448,log/pimaindians_diabetes_v3/4/biMaxInfgain/noAug__noImbl__minmax/XGBmodel,1779974700814_163e1a7b17799747080335119,0.6753246753246753,0.6387578616352201,0.6307407407407407,0.6335427374833429,0.6677591276647881,0.6753246753246753,0.6705036824968292,0.6753246753246753,0.6753246753246753,0.6753246753246753,0.6594626061309707
4,biMaxInfgain,minmax,noAug,noImbl,XGBmodel,last,0.5,0.2,23,2026-05-28 21:25:11,20260528-212448,log/pimaindians_diabetes_v3/4/biMaxInfgain/noAug__noImbl__minmax/XGBmodel,1779974700814_163e1a7b17799747112813873,0.7272727272727273,0.6998491704374057,0.6962962962962963,0.6979263964132263,0.7250788427259015,0.7272727272727273,0.7260499634869146,0.7272727272727273,0.7272727272727273,0.7272727272727273,0.7166279758400723
4,biMaxInfgain,minmax,noAug,noImbl,random_forest,last,0.5,0.1,23,2026-05-28 21:25:07,20260528-212448,log/pimaindians_diabetes_v3/4/biMaxInfgain/noAug__noImbl__minmax/random_forest,1779974700814_163e1a7b17799747078796842,0.6883116883116883,0.6654978962131837,0.6748148148148148,0.6681034482758621,0.7004790440975573,0.6883116883116883,0.6925660546350201,0.6883116883116883,0.6883116883116883,0.6883116883116883,0.6835042762738631
4,biMaxInfgain,minmax,noAug,noImbl,random_forest,last,0.5,0.2,23,2026-05-28 21:25:11,20260528-212448,log/pimaindians_diabetes_v3/4/biMaxInfgain/noAug__noImbl__minmax/random_forest,1779974700814_163e1a7b17799747111267441,0.7662337662337663,0.7438461538461538,0.7348148148148148,0.7386877828054299,0.7629170829170829,0.7662337662337663,0.7640300875594993,0.7662337662337663,0.7662337662337663,0.7662337662337663,0.7560589922060509
4,biMaxInfgain,minmax,noAug,noImbl,sklearn_SVM,last,0.5,0.1,23,2026-05-28 21:25:07,20260528-212448,log/pimaindians_diabetes_v3/4/biMaxInfgain/noAug__noImbl__minmax/sklearn_SVM,1779974700814_163e1a7b17799747076302949,0.7142857142857143,0.6862962962962963,0.6862962962962963,0.6862962962962963,0.7142857142857143,0.7142857142857143,0.7142857142857143,0.7142857142857143,0.7142857142857143,0.7142857142857143,0.7044894179894178
4,biMaxInfgain,minmax,noAug,noImbl,sklearn_SVM,last,0.5,0.2,23,2026-05-28 21:25:10,20260528-212448,log/pimaindians_diabetes_v3/4/biMaxInfgain/noAug__noImbl__minmax/sklearn_SVM,1779974700814_163e1a7b17799747108813609,0.7337662337662337,0.7068027210884353,0.697037037037037,0.7009708737864078,0.7289513207880556,0.7337662337662337,0.7305510023956625,0.7337662337662337,0.7337662337662337,0.7337662337662337,0.7215138828251566
4,biMaxInfgain,standard,noAug,noImbl,DTmodel,last,0.5,0.1,23,2026-05-28 21:25:20,20260528-212448,log/pimaindians_diabetes_v3/4/biMaxInfgain/noAug__noImbl__standard/DTmodel,1779974700814_163e1a7b17799747208817266,0.7402597402597403,0.7194950911640954,0.7318518518518519,0.7234195402298851,0.7513342197774174,0.7402597402597403,0.7438050455291834,0.7402597402597403,0.7402597402597403,0.7402597402597403,0.7364557002470927
4,biMaxInfgain,standard,noAug,noImbl,DTmodel,last,0.5,0.2,23,2026-05-28 21:25:24,20260528-212448,log/pimaindians_diabetes_v3/4/biMaxInfgain/noAug__noImbl__standard/DTmodel,1779974700814_163e1a7b17799747241647912,0.6558441558441559,0.6210536147954417,0.62,0.6204956525782304,0.6543945499671261,0.6558441558441559,0.6550920600299872,0.6558441558441559,0.6558441558441559,0.6558441558441559,0.6432206357051518
4,biMaxInfgain,standard,noAug,noImbl,GradientBoosting,last,0.5,0.1,23,2026-05-28 21:25:21,20260528-212448,log/pimaindians_diabetes_v3/4/biMaxInfgain/noAug__noImbl__standard/GradientBoosting,1779974700814_163e1a7b17799747212230456,0.7272727272727273,0.6992924528301887,0.6877777777777778,0.692175899486008,0.7214837049742711,0.7272727272727273,0.7232230932973366,0.7272727272727273,0.7272727272727273,0.7272727272727273,0.7140743333848163
4,biMaxInfgain,standard,noAug,noImbl,GradientBoosting,last,0.5,0.2,23,2026-05-28 21:25:24,20260528-212448,log/pimaindians_diabetes_v3/4/biMaxInfgain/noAug__noImbl__standard/GradientBoosting,1779974700814_163e1a7b17799747245015649,0.7402597402597403,0.714366515837104,0.7105555555555556,0.7123108537268821,0.7381882823059294,0.7402597402597403,0.7390952033208712,0.7402597402597403,0.7402597402597403,0.7402597402597403,0.7301258400309178
4,biMaxInfgain,standard,noAug,noImbl,LogisticRegression,last,0.5,0.1,23,2026-05-28 21:25:21,20260528-212448,log/pimaindians_diabetes_v3/4/biMaxInfgain/noAug__noImbl__standard/LogisticRegression,1779974700814_163e1a7b17799747210047981,0.7402597402597403,0.7172619047619048,0.6892592592592592,0.6973270440251573,0.7323747680890539,0.7402597402597403,0.7313771134525852,0.7402597402597403,0.7402597402597403,0.7402597402597403,0.7242991129365791
4,biMaxInfgain,standard,noAug,noImbl,LogisticRegression,last,0.5,0.2,23,2026-05-28 21:25:24,20260528-212448,log/pimaindians_diabetes_v3/4/biMaxInfgain/noAug__noImbl__standard/LogisticRegression,1779974700814_163e1a7b17799747242878418,0.7337662337662337,0.7069994034599324,0.6927777777777777,0.6979958865451763,0.7275206400280967,0.7337662337662337,0.7290418482842073,0.7337662337662337,0.7337662337662337,0.7337662337662337,0.7202919358574814
4,biMaxInfgain,standard,noAug,noImbl,XGBmodel,last,0.5,0.1,23,2026-05-28 21:25:20,20260528-212448,log/pimaindians_diabetes_v3/4/biMaxInfgain/noAug__noImbl__standard/XGBmodel,1779974700814_163e1a7b17799747207567858,0.7142857142857143,0.6846153846153846,0.6777777777777778,0.6806184012066365,0.70989010989011,0.7142857142857143,0.7115923292393881,0.7142857142857143,0.7142857142857143,0.7142857142857143,0.7017742225095165
4,biMaxInfgain,standard,noAug,noImbl,XGBmodel,last,0.5,0.2,23,2026-05-28 21:25:24,20260528-212448,log/pimaindians_diabetes_v3/4/biMaxInfgain/noAug__noImbl__standard/XGBmodel,1779974700814_163e1a7b17799747240363099,0.7792207792207793,0.7586538461538461,0.749074074074074,0.7532051282051282,0.7761738261738261,0.7792207792207793,0.7771395271395272,0.7792207792207793,0.7792207792207793,0.7792207792207793,0.7696301846301845
4,biMaxInfgain,standard,noAug,noImbl,random_forest,last,0.5,0.1,23,2026-05-28 21:25:20,20260528-212448,log/pimaindians_diabetes_v3/4/biMaxInfgain/noAug__noImbl__standard/random_forest,1779974700814_163e1a7b17799747206021246,0.6883116883116883,0.655,0.6492592592592592,0.6515837104072397,0.6833766233766234,0.6883116883116883,0.6853734500793325,0.6883116883116883,0.6883116883116883,0.6883116883116883,0.6746318376612492
4,biMaxInfgain,standard,noAug,noImbl,random_forest,last,0.5,0.2,23,2026-05-28 21:25:23,20260528-212448,log/pimaindians_diabetes_v3/4/biMaxInfgain/noAug__noImbl__standard/random_forest,1779974700814_163e1a7b17799747238774954,0.7207792207792207,0.6916882083913303,0.6785185185185185,0.6832639785717702,0.713991317888713,0.7207792207792207,0.7158243774688028,0.7207792207792207,0.7207792207792207,0.7207792207792207,0.7065947461976302
4,biMaxInfgain,standard,noAug,noImbl,sklearn_SVM,last,0.5,0.1,23,2026-05-28 21:25:20,20260528-212448,log/pimaindians_diabetes_v3/4/biMaxInfgain/noAug__noImbl__standard/sklearn_SVM,1779974700814_163e1a7b17799747203491713,0.7142857142857143,0.6845238095238095,0.6607407407407406,0.667059748427673,0.7040816326530612,0.7142857142857143,0.7045148247978437,0.7142857142857143,0.7142857142857143,0.7142857142857143,0.696385089989874
4,biMaxInfgain,standard,noAug,noImbl,sklearn_SVM,last,0.5,0.2,23,2026-05-28 21:25:23,20260528-212448,log/pimaindians_diabetes_v3/4/biMaxInfgain/noAug__noImbl__standard/sklearn_SVM,1779974700814_163e1a7b17799747236312714,0.7272727272727273,0.6992924528301887,0.6877777777777778,0.692175899486008,0.7214837049742711,0.7272727272727273,0.7232230932973366,0.7272727272727273,0.7272727272727273,0.7272727272727273,0.7140743333848163
4,infgain,minmax,noAug,noImbl,DTmodel,last,0.5,0.1,23,2026-05-28 21:25:33,20260528-212448,log/pimaindians_diabetes_v3/4/infgain/noAug__noImbl__minmax/DTmodel,1779974700814_163e1a7b17799747339113917,0.6233766233766234,0.6214574898785425,0.6333333333333333,0.6140017286084702,0.6655975603344024,0.6233766233766234,0.6319702769140972,0.6233766233766234,0.6233766233766234,0.6233766233766234,0.6282852885336623
4,infgain,minmax,noAug,noImbl,DTmodel,last,0.5,0.2,23,2026-05-28 21:25:37,20260528-212448,log/pimaindians_diabetes_v3/4/infgain/noAug__noImbl__minmax/DTmodel,1779974700814_163e1a7b17799747373126741,0.6623376623376623,0.6336206896551724,0.6377777777777778,0.6352040816326531,0.6683833407971339,0.6623376623376623,0.6649218128809966,0.6623376623376623,0.6623376623376623,0.6623376623376623,0.6539321299351206
4,infgain,minmax,noAug,noImbl,GradientBoosting,last,0.5,0.1,23,2026-05-28 21:25:34,20260528-212448,log/pimaindians_diabetes_v3/4/infgain/noAug__noImbl__minmax/GradientBoosting,1779974700814_163e1a7b17799747342732218,0.6883116883116883,0.655,0.6492592592592592,0.6515837104072397,0.6833766233766234,0.6883116883116883,0.6853734500793325,0.6883116883116883,0.6883116883116883,0.6883116883116883,0.6746318376612492
4,infgain,minmax,noAug,noImbl,GradientBoosting,last,0.5,0.2,23,2026-05-28 21:25:37,20260528-212448,log/pimaindians_diabetes_v3/4/infgain/noAug__noImbl__minmax/GradientBoosting,1779974700814_163e1a7b17799747376677767,0.7597402597402597,0.7407291011942174,0.7127777777777777,0.7216006253969804,0.7535895907988931,0.7597402597402597,0.7523799794283988,0.7597402597402597,0.7597402597402597,0.7597402597402597,0.7457028415969995
4,infgain,minmax,noAug,noImbl,LogisticRegression,last,0.5,0.1,23,2026-05-28 21:25:34,20260528-212448,log/pimaindians_diabetes_v3/4/infgain/noAug__noImbl__minmax/LogisticRegression,1779974700814_163e1a7b17799747340416153,0.7792207792207793,0.7636363636363637,0.7362962962962962,0.745578231292517,0.7744982290436836,0.7792207792207793,0.7732131813764467,0.7792207792207793,0.7792207792207793,0.7792207792207793,0.7669501124862905
4,infgain,minmax,noAug,noImbl,LogisticRegression,last,0.5,0.2,23,2026-05-28 21:25:37,20260528-212448,log/pimaindians_diabetes_v3/4/infgain/noAug__noImbl__minmax/LogisticRegression,1779974700814_163e1a7b17799747374385538,0.7857142857142857,0.7762788689833802,0.737037037037037,0.7488510007412899,0.782307051894792,0.7857142857142857,0.7775918669914221,0.7857142857142857,0.7857142857142857,0.7857142857142857,0.7728144402371417
4,infgain,minmax,noAug,noImbl,XGBmodel,last,0.5,0.1,23,2026-05-28 21:25:33,20260528-212448,log/pimaindians_diabetes_v3/4/infgain/noAug__noImbl__minmax/XGBmodel,1779974700814_163e1a7b17799747337810398,0.7402597402597403,0.7172619047619048,0.6892592592592592,0.6973270440251573,0.7323747680890539,0.7402597402597403,0.7313771134525852,0.7402597402597403,0.7402597402597403,0.7402597402597403,0.7242991129365791
4,infgain,minmax,noAug,noImbl,XGBmodel,last,0.5,0.2,23,2026-05-28 21:25:37,20260528-212448,log/pimaindians_diabetes_v3/4/infgain/noAug__noImbl__minmax/XGBmodel,1779974700814_163e1a7b17799747371800270,0.7402597402597403,0.7243408662900188,0.6764814814814815,0.6860346585117227,0.7332709663218138,0.7402597402597403,0.7250089360181103,0.7402597402597403,0.7402597402597403,0.7402597402597403,0.7211697666927024
4,infgain,minmax,noAug,noImbl,random_forest,last,0.5,0.1,23,2026-05-28 21:25:33,20260528-212448,log/pimaindians_diabetes_v3/4/infgain/noAug__noImbl__minmax/random_forest,1779974700814_163e1a7b17799747336216088,0.7012987012987013,0.6684210526315789,0.6422222222222222,0.6478425134221515,0.6888585099111415,0.7012987012987013,0.688825590794173,0.7012987012987013,0.7012987012987013,0.7012987012987013,0.6809698746284233
4,infgain,minmax,noAug,noImbl,random_forest,last,0.5,0.2,23,2026-05-28 21:25:37,20260528-212448,log/pimaindians_diabetes_v3/4/infgain/noAug__noImbl__minmax/random_forest,1779974700814_163e1a7b17799747370209032,0.7207792207792207,0.6944258639910814,0.6614814814814814,0.6688172043010753,0.7103765799417974,0.7207792207792207,0.7080016757436112,0.7207792207792207,0.7207792207792207,0.7207792207792207,0.701462912859827
4,infgain,minmax,noAug,noImbl,sklearn_SVM,last,0.5,0.1,23,2026-05-28 21:25:33,20260528-212448,log/pimaindians_diabetes_v3/4/infgain/noAug__noImbl__minmax/sklearn_SVM,1779974700814_163e1a7b17799747333566767,0.7922077922077922,0.8034313725490196,0.7292592592592593,0.7454545454545454,0.7974280621339445,0.7922077922077922,0.7780401416765053,0.7922077922077922,0.7922077922077922,0.7922077922077922,0.7784191893469967
4,infgain,minmax,noAug,noImbl,sklearn_SVM,last,0.5,0.2,23,2026-05-28 21:25:36,20260528-212448,log/pimaindians_diabetes_v3/4/infgain/noAug__noImbl__minmax/sklearn_SVM,1779974700814_163e1a7b17799747367617905,0.7792207792207793,0.7738203266787659,0.7235185185185186,0.7365136876006442,0.7770052089471327,0.7792207792207793,0.7681995942865508,0.7792207792207793,0.7792207792207793,0.7792207792207793,0.7648297093858325
4,infgain,standard,noAug,noImbl,DTmodel,last,0.5,0.1,23,2026-05-28 21:25:47,20260528-212448,log/pimaindians_diabetes_v3/4/infgain/noAug__noImbl__standard/DTmodel,1779974700814_163e1a7b17799747472850451,0.6753246753246753,0.6545138888888888,0.6648148148148147,0.6565566458519179,0.6913329725829727,0.6753246753246753,0.6805380168448857,0.6753246753246753,0.6753246753246753,0.6753246753246753,0.6717602371630582
4,infgain,standard,noAug,noImbl,DTmodel,last,0.5,0.2,23,2026-05-28 21:25:50,20260528-212448,log/pimaindians_diabetes_v3/4/infgain/noAug__noImbl__standard/DTmodel,1779974700814_163e1a7b17799747505784562,0.6948051948051948,0.6599395639974099,0.6372222222222221,0.6423029404497158,0.6822148281246059,0.6948051948051948,0.6832369014726317,0.6948051948051948,0.6948051948051948,0.6948051948051948,0.6746907156448537
4,infgain,standard,noAug,noImbl,GradientBoosting,last,0.5,0.1,23,2026-05-28 21:25:47,20260528-212448,log/pimaindians_diabetes_v3/4/infgain/noAug__noImbl__standard/GradientBoosting,1779974700814_163e1a7b17799747476468886,0.7532467532467533,0.7318181818181818,0.7077777777777778,0.7156462585034014,0.7467532467532467,0.7532467532467533,0.7465323791854404,0.7532467532467533,0.7532467532467533,0.7532467532467532,0.7392604175869479
4,infgain,standard,noAug,noImbl,GradientBoosting,last,0.5,0.2,23,2026-05-28 21:25:51,20260528-212448,log/pimaindians_diabetes_v3/4/infgain/noAug__noImbl__standard/GradientBoosting,1779974700814_163e1a7b17799747510954162,0.7467532467532467,0.7245966897129688,0.6985185185185185,0.7065520105535741,0.7395849488872746,0.7467532467532467,0.7389951134515554,0.7467532467532467,0.7467532467532467,0.7467532467532466,0.7318033830139441
4,infgain,standard,noAug,noImbl,LogisticRegression,last,0.5,0.1,23,2026-05-28 21:25:47,20260528-212448,log/pimaindians_diabetes_v3/4/infgain/noAug__noImbl__standard/LogisticRegression,1779974700814_163e1a7b17799747474112239,0.7792207792207793,0.7697368421052632,0.7277777777777779,0.7397096838337642,0.7756322624743677,0.7792207792207793,0.7700015236304757,0.7792207792207793,0.7792207792207793,0.7792207792207793,0.7654596810436884
4,infgain,standard,noAug,noImbl,LogisticRegression,last,0.5,0.2,23,2026-05-28 21:25:50,20260528-212448,log/pimaindians_diabetes_v3/4/infgain/noAug__noImbl__standard/LogisticRegression,1779974700814_163e1a7b17799747507115435,0.7857142857142857,0.7729939241567149,0.7412962962962963,0.7516978550837934,0.7815988746221305,0.7857142857142857,0.7791497113820854,0.7857142857142857,0.7857142857142857,0.7857142857142857,0.77350175876311
4,infgain,standard,noAug,noImbl,XGBmodel,last,0.5,0.1,23,2026-05-28 21:25:47,20260528-212448,log/pimaindians_diabetes_v3/4/infgain/noAug__noImbl__standard/XGBmodel,1779974700814_163e1a7b17799747471502844,0.8051948051948052,0.7954545454545454,0.7648148148148148,0.7755102040816326,0.8022432113341206,0.8051948051948052,0.7998939835674529,0.8051948051948052,0.8051948051948052,0.8051948051948051,0.7946398073856327
4,infgain,standard,noAug,noImbl,XGBmodel,last,0.5,0.2,23,2026-05-28 21:25:50,20260528-212448,log/pimaindians_diabetes_v3/4/infgain/noAug__noImbl__standard/XGBmodel,1779974700814_163e1a7b17799747504488225,0.7532467532467533,0.730475040257649,0.712037037037037,0.7186538461538461,0.7473701821527908,0.7532467532467533,0.748121878121878,0.7532467532467533,0.7532467532467533,0.7532467532467532,0.7403032858848073
4,infgain,standard,noAug,noImbl,random_forest,last,0.5,0.1,23,2026-05-28 21:25:46,20260528-212448,log/pimaindians_diabetes_v3/4/infgain/noAug__noImbl__standard/random_forest,1779974700814_163e1a7b17799747469867425,0.7792207792207793,0.7787193973634652,0.7192592592592593,0.7331294597349644,0.7790006603565925,0.7792207792207793,0.7662575956153937,0.7792207792207793,0.7792207792207793,0.7792207792207793,0.7642943016887971
4,infgain,standard,noAug,noImbl,random_forest,last,0.5,0.2,23,2026-05-28 21:25:50,20260528-212448,log/pimaindians_diabetes_v3/4/infgain/noAug__noImbl__standard/random_forest,1779974700814_163e1a7b17799747502842529,0.7662337662337663,0.7446933962264151,0.7305555555555556,0.7361507709880069,0.7617771379563832,0.7662337662337663,0.7627626513977172,0.7662337662337663,0.7662337662337663,0.7662337662337663,0.7550331288252002
4,infgain,standard,noAug,noImbl,sklearn_SVM,last,0.5,0.1,23,2026-05-28 21:25:46,20260528-212448,log/pimaindians_diabetes_v3/4/infgain/noAug__noImbl__standard/sklearn_SVM,1779974700814_163e1a7b17799747467193290,0.7662337662337663,0.7656862745098039,0.7007407407407407,0.7136363636363636,0.7659791189202955,0.7662337662337663,0.7502951593860684,0.7662337662337663,0.7662337662337663,0.7662337662337663,0.749323848363955
4,infgain,standard,noAug,noImbl,sklearn_SVM,last,0.5,0.2,23,2026-05-28 21:25:50,20260528-212448,log/pimaindians_diabetes_v3/4/infgain/noAug__noImbl__standard/sklearn_SVM,1779974700814_163e1a7b17799747500229527,0.7857142857142857,0.7762788689833802,0.737037037037037,0.7488510007412899,0.782307051894792,0.7857142857142857,0.7775918669914221,0.7857142857142857,0.7857142857142857,0.7857142857142857,0.7728144402371417
5,biMaxInfgain,minmax,noAug,noImbl,DTmodel,last,0.5,0.1,23,2026-05-28 21:26:00,20260528-212448,log/pimaindians_diabetes_v3/5/biMaxInfgain/noAug__noImbl__minmax/DTmodel,1779974700814_163e1a7b17799747607131186,0.5974025974025974,0.5612244897959183,0.5622222222222222,0.5616161616161616,0.6008481314603763,0.5974025974025974,0.599029253574708,0.5974025974025974,0.5974025974025974,0.5974025974025974,0.585487335587521
5,biMaxInfgain,minmax,noAug,noImbl,DTmodel,last,0.5,0.2,23,2026-05-28 21:26:04,20260528-212448,log/pimaindians_diabetes_v3/5/biMaxInfgain/noAug__noImbl__minmax/DTmodel,1779974700814_163e1a7b17799747640010052,0.6688311688311688,0.6304434281169218,0.6214814814814815,0.6243363466781461,0.6598740293311779,0.6688311688311688,0.6629544942071848,0.6688311688311688,0.6688311688311688,0.6688311688311688,0.651805987558225
5,biMaxInfgain,minmax,noAug,noImbl,GradientBoosting,last,0.5,0.1,23,2026-05-28 21:26:01,20260528-212448,log/pimaindians_diabetes_v3/5/biMaxInfgain/noAug__noImbl__minmax/GradientBoosting,1779974700814_163e1a7b17799747610819206,0.6103896103896104,0.5845021037868162,0.5892592592592593,0.5851293103448276,0.6241962805777673,0.6103896103896104,0.6157075682937752,0.6103896103896104,0.6103896103896104,0.6103896103896104,0.6040771403140187
5,biMaxInfgain,minmax,noAug,noImbl,GradientBoosting,last,0.5,0.2,23,2026-05-28 21:26:04,20260528-212448,log/pimaindians_diabetes_v3/5/biMaxInfgain/noAug__noImbl__minmax/GradientBoosting,1779974700814_163e1a7b17799747643624394,0.7077922077922078,0.6847347082672307,0.6940740740740741,0.6877675152061276,0.7178798638343852,0.7077922077922078,0.7113863833845812,0.7077922077922078,0.7077922077922078,0.7077922077922078,0.7026588325230584
5,biMaxInfgain,minmax,noAug,noImbl,LogisticRegression,last,0.5,0.1,23,2026-05-28 21:26:00,20260528-212448,log/pimaindians_diabetes_v3/5/biMaxInfgain/noAug__noImbl__minmax/LogisticRegression,1779974700814_163e1a7b17799747608490010,0.6753246753246753,0.649645390070922,0.6562962962962963,0.6518357750045216,0.6843879524730588,0.6753246753246753,0.6788480103726984,0.6753246753246753,0.6753246753246753,0.6753246753246753,0.6687654018204807
5,biMaxInfgain,minmax,noAug,noImbl,LogisticRegression,last,0.5,0.2,23,2026-05-28 21:26:04,20260528-212448,log/pimaindians_diabetes_v3/5/biMaxInfgain/noAug__noImbl__minmax/LogisticRegression,1779974700814_163e1a7b17799747641327540,0.7272727272727273,0.6992924528301887,0.6877777777777778,0.692175899486008,0.7214837049742711,0.7272727272727273,0.7232230932973366,0.7272727272727273,0.7272727272727273,0.7272727272727273,0.7140743333848163
5,biMaxInfgain,minmax,noAug,noImbl,XGBmodel,last,0.5,0.1,23,2026-05-28 21:26:00,20260528-212448,log/pimaindians_diabetes_v3/5/biMaxInfgain/noAug__noImbl__minmax/XGBmodel,1779974700814_163e1a7b17799747605791608,0.7272727272727273,0.6992924528301887,0.6877777777777778,0.692175899486008,0.7214837049742711,0.7272727272727273,0.7232230932973366,0.7272727272727273,0.7272727272727273,0.7272727272727273,0.7140743333848163
5,biMaxInfgain,minmax,noAug,noImbl,XGBmodel,last,0.5,0.2,23,2026-05-28 21:26:03,20260528-212448,log/pimaindians_diabetes_v3/5/biMaxInfgain/noAug__noImbl__minmax/XGBmodel,1779974700814_163e1a7b17799747638672930,0.7272727272727273,0.6994766505636071,0.6835185185185185,0.6890384615384615,0.7200995461865026,0.7272727272727273,0.7216083916083915,0.7272727272727273,0.7272727272727273,0.7272727272727273,0.7128155904079816
5,biMaxInfgain,minmax,noAug,noImbl,random_forest,last,0.5,0.1,23,2026-05-28 21:26:00,20260528-212448,log/pimaindians_diabetes_v3/5/biMaxInfgain/noAug__noImbl__minmax/random_forest,1779974700814_163e1a7b17799747604162877,0.6883116883116883,0.6654978962131837,0.6748148148148148,0.6681034482758621,0.7004790440975573,0.6883116883116883,0.6925660546350201,0.6883116883116883,0.6883116883116883,0.6883116883116883,0.6835042762738631
5,biMaxInfgain,minmax,noAug,noImbl,random_forest,last,0.5,0.2,23,2026-05-28 21:26:03,20260528-212448,log/pimaindians_diabetes_v3/5/biMaxInfgain/noAug__noImbl__minmax/random_forest,1779974700814_163e1a7b17799747637002875,0.7532467532467533,0.7295918367346939,0.7333333333333334,0.7313131313131314,0.755499602438378,0.7532467532467533,0.7542437360619179,0.7532467532467533,0.7532467532467533,0.7532467532467532,0.7459747086555988
5,biMaxInfgain,minmax,noAug,noImbl,sklearn_SVM,last,0.5,0.1,23,2026-05-28 21:26:00,20260528-212448,log/pimaindians_diabetes_v3/5/biMaxInfgain/noAug__noImbl__minmax/sklearn_SVM,1779974700814_163e1a7b17799747601586056,0.7012987012987013,0.6681818181818182,0.6507407407407406,0.6557823129251701,0.6912632821723731,0.7012987012987013,0.6931707748034278,0.7012987012987013,0.7012987012987013,0.7012987012987013,0.6838810277882632
5,biMaxInfgain,minmax,noAug,noImbl,sklearn_SVM,last,0.5,0.2,23,2026-05-28 21:26:03,20260528-212448,log/pimaindians_diabetes_v3/5/biMaxInfgain/noAug__noImbl__minmax/sklearn_SVM,1779974700814_163e1a7b17799747634493345,0.7532467532467533,0.729559748427673,0.7162962962962962,0.7214924804873406,0.7483459936290124,0.7532467532467533,0.7495827986975903,0.7532467532467533,0.7532467532467533,0.7532467532467532,0.7413801970117389
5,biMaxInfgain,standard,noAug,noImbl,DTmodel,last,0.5,0.1,23,2026-05-28 21:26:14,20260528-212448,log/pimaindians_diabetes_v3/5/biMaxInfgain/noAug__noImbl__standard/DTmodel,1779974700814_163e1a7b17799747742404342,0.7142857142857143,0.696969696969697,0.7118518518518518,0.699645390070922,0.7331759149940968,0.7142857142857143,0.719452887537994,0.7142857142857143,0.7142857142857143,0.7142857142857143,0.7127787737371875
5,biMaxInfgain,standard,noAug,noImbl,DTmodel,last,0.5,0.2,23,2026-05-28 21:26:17,20260528-212448,log/pimaindians_diabetes_v3/5/biMaxInfgain/noAug__noImbl__standard/DTmodel,1779974700814_163e1a7b17799747775706655,0.6233766233766234,0.5950354609929078,0.5992592592592593,0.596129499005245,0.633379386570876,0.6233766233766234,0.6274636920323301,0.6233766233766234,0.6233766233766234,0.6233766233766234,0.6156570386885898
5,biMaxInfgain,standard,noAug,noImbl,GradientBoosting,last,0.5,0.1,23,2026-05-28 21:26:14,20260528-212448,log/pimaindians_diabetes_v3/5/biMaxInfgain/noAug__noImbl__standard/GradientBoosting,1779974700814_163e1a7b17799747746091917,0.7532467532467533,0.7288838612368025,0.7248148148148148,0.7266953110405381,0.7512977218859571,0.7532467532467533,0.7521404431548276,0.7532467532467533,0.7532467532467533,0.7532467532467532,0.7436237042217633
5,biMaxInfgain,standard,noAug,noImbl,GradientBoosting,last,0.5,0.2,23,2026-05-28 21:26:17,20260528-212448,log/pimaindians_diabetes_v3/5/biMaxInfgain/noAug__noImbl__standard/GradientBoosting,1779974700814_163e1a7b17799747779371667,0.7532467532467533,0.7288838612368025,0.7248148148148148,0.7266953110405381,0.7512977218859571,0.7532467532467533,0.7521404431548276,0.7532467532467533,0.7532467532467533,0.7532467532467532,0.7436237042217633
5,biMaxInfgain,standard,noAug,noImbl,LogisticRegression,last,0.5,0.1,23,2026-05-28 21:26:14,20260528-212448,log/pimaindians_diabetes_v3/5/biMaxInfgain/noAug__noImbl__standard/LogisticRegression,1779974700814_163e1a7b17799747743720238,0.7402597402597403,0.7172619047619048,0.6892592592592592,0.6973270440251573,0.7323747680890539,0.7402597402597403,0.7313771134525852,0.7402597402597403,0.7402597402597403,0.7402597402597403,0.7242991129365791
5,biMaxInfgain,standard,noAug,noImbl,LogisticRegression,last,0.5,0.2,23,2026-05-28 21:26:17,20260528-212448,log/pimaindians_diabetes_v3/5/biMaxInfgain/noAug__noImbl__standard/LogisticRegression,1779974700814_163e1a7b17799747777074563,0.7727272727272727,0.7596589682710986,0.7227777777777777,0.7336298492710649,0.7680081627847654,0.7727272727272727,0.7641125862030235,0.7727272727272727,0.7727272727272727,0.7727272727272727,0.7587967652953863
5,biMaxInfgain,standard,noAug,noImbl,XGBmodel,last,0.5,0.1,23,2026-05-28 21:26:14,20260528-212448,log/pimaindians_diabetes_v3/5/biMaxInfgain/noAug__noImbl__standard/XGBmodel,1779974700814_163e1a7b17799747741067088,0.7532467532467533,0.7295918367346939,0.7333333333333334,0.7313131313131314,0.755499602438378,0.7532467532467533,0.7542437360619179,0.7532467532467533,0.7532467532467533,0.7532467532467532,0.7459747086555988
5,biMaxInfgain,standard,noAug,noImbl,XGBmodel,last,0.5,0.2,23,2026-05-28 21:26:17,20260528-212448,log/pimaindians_diabetes_v3/5/biMaxInfgain/noAug__noImbl__standard/XGBmodel,1779974700814_163e1a7b17799747774325039,0.7597402597402597,0.7362459546925566,0.7298148148148148,0.7326765188834155,0.7570293783886017,0.7597402597402597,0.7580832960143304,0.7597402597402597,0.7597402597402597,0.7597402597402597,0.749819090920363
5,biMaxInfgain,standard,noAug,noImbl,random_forest,last,0.5,0.1,23,2026-05-28 21:26:13,20260528-212448,log/pimaindians_diabetes_v3/5/biMaxInfgain/noAug__noImbl__standard/random_forest,1779974700814_163e1a7b17799747739421415,0.7142857142857143,0.6862962962962963,0.6862962962962963,0.6862962962962963,0.7142857142857143,0.7142857142857143,0.7142857142857143,0.7142857142857143,0.7142857142857143,0.7142857142857143,0.7044894179894178
5,biMaxInfgain,standard,noAug,noImbl,random_forest,last,0.5,0.2,23,2026-05-28 21:26:17,20260528-212448,log/pimaindians_diabetes_v3/5/biMaxInfgain/noAug__noImbl__standard/random_forest,1779974700814_163e1a7b17799747772657989,0.7597402597402597,0.7362459546925566,0.7298148148148148,0.7326765188834155,0.7570293783886017,0.7597402597402597,0.7580832960143304,0.7597402597402597,0.7597402597402597,0.7597402597402597,0.749819090920363
5,biMaxInfgain,standard,noAug,noImbl,sklearn_SVM,last,0.5,0.1,23,2026-05-28 21:26:13,20260528-212448,log/pimaindians_diabetes_v3/5/biMaxInfgain/noAug__noImbl__standard/sklearn_SVM,1779974700814_163e1a7b17799747736836851,0.6753246753246753,0.6363636363636364,0.6222222222222222,0.6258503401360545,0.6635182998819362,0.6753246753246753,0.6664899726124216,0.6753246753246753,0.6753246753246753,0.6753246753246753,0.656191332888921
5,biMaxInfgain,standard,noAug,noImbl,sklearn_SVM,last,0.5,0.2,23,2026-05-28 21:26:17,20260528-212448,log/pimaindians_diabetes_v3/5/biMaxInfgain/noAug__noImbl__standard/sklearn_SVM,1779974700814_163e1a7b17799747770111663,0.7272727272727273,0.6994766505636071,0.6835185185185185,0.6890384615384615,0.7200995461865026,0.7272727272727273,0.7216083916083915,0.7272727272727273,0.7272727272727273,0.7272727272727273,0.7128155904079816
5,infgain,minmax,noAug,noImbl,DTmodel,last,0.5,0.1,23,2026-05-28 21:26:28,20260528-212448,log/pimaindians_diabetes_v3/5/infgain/noAug__noImbl__minmax/DTmodel,1779974700814_163e1a7b17799747881058056,0.6623376623376623,0.6190476190476191,0.6037037037037037,0.6065251572327044,0.6474953617810761,0.6623376623376623,0.6507902474883607,0.6623376623376623,0.6623376623376623,0.6623376623376623,0.6405570440964643
5,infgain,minmax,noAug,noImbl,DTmodel,last,0.5,0.2,23,2026-05-28 21:26:31,20260528-212448,log/pimaindians_diabetes_v3/5/infgain/noAug__noImbl__minmax/DTmodel,1779974700814_163e1a7b17799747916070801,0.6753246753246753,0.6387578616352201,0.6307407407407407,0.6335427374833429,0.6677591276647881,0.6753246753246753,0.6705036824968292,0.6753246753246753,0.6753246753246753,0.6753246753246753,0.6594626061309707
5,infgain,minmax,noAug,noImbl,GradientBoosting,last,0.5,0.1,23,2026-05-28 21:26:28,20260528-212448,log/pimaindians_diabetes_v3/5/infgain/noAug__noImbl__minmax/GradientBoosting,1779974700814_163e1a7b17799747885009825,0.7012987012987013,0.6863885088919288,0.7018518518518518,0.687819495857571,0.7244923339314584,0.7012987012987013,0.7071958536791958,0.7012987012987013,0.7012987012987013,0.7012987012987013,0.7010450524175192
5,infgain,minmax,noAug,noImbl,GradientBoosting,last,0.5,0.2,23,2026-05-28 21:26:31,20260528-212448,log/pimaindians_diabetes_v3/5/infgain/noAug__noImbl__minmax/GradientBoosting,1779974700814_163e1a7b17799747919830021,0.7207792207792207,0.6918367346938776,0.6827777777777778,0.6863840871418423,0.7156109196925524,0.7207792207792207,0.7174071488539876,0.7207792207792207,0.7207792207792207,0.7207792207792207,0.7079029169274833
5,infgain,minmax,noAug,noImbl,LogisticRegression,last,0.5,0.1,23,2026-05-28 21:26:28,20260528-212448,log/pimaindians_diabetes_v3/5/infgain/noAug__noImbl__minmax/LogisticRegression,1779974700814_163e1a7b17799747882466088,0.7532467532467533,0.7295918367346939,0.7333333333333334,0.7313131313131314,0.755499602438378,0.7532467532467533,0.7542437360619179,0.7532467532467533,0.7532467532467533,0.7532467532467532,0.7459747086555988
5,infgain,minmax,noAug,noImbl,LogisticRegression,last,0.5,0.2,23,2026-05-28 21:26:31,20260528-212448,log/pimaindians_diabetes_v3/5/infgain/noAug__noImbl__minmax/LogisticRegression,1779974700814_163e1a7b17799747917411359,0.7532467532467533,0.7290384615384615,0.7205555555555556,0.7241704374057315,0.7496603396603396,0.7532467532467533,0.7509206479794716,0.7532467532467533,0.7532467532467533,0.7532467532467532,0.7424877997819173
5,infgain,minmax,noAug,noImbl,XGBmodel,last,0.5,0.1,23,2026-05-28 21:26:27,20260528-212448,log/pimaindians_diabetes_v3/5/infgain/noAug__noImbl__minmax/XGBmodel,1779974700814_163e1a7b17799747879541789,0.7012987012987013,0.673469387755102,0.6762962962962963,0.6747474747474747,0.7039491121123773,0.7012987012987013,0.702505575232848,0.7012987012987013,0.7012987012987013,0.7012987012987013,0.6924789176329063
5,infgain,minmax,noAug,noImbl,XGBmodel,last,0.5,0.2,23,2026-05-28 21:26:31,20260528-212448,log/pimaindians_diabetes_v3/5/infgain/noAug__noImbl__minmax/XGBmodel,1779974700814_163e1a7b17799747914696305,0.7077922077922078,0.677257525083612,0.6472222222222221,0.6534133533383346,0.6957390435651305,0.7077922077922078,0.6944203583363373,0.7077922077922078,0.7077922077922078,0.7077922077922078,0.6873138189551802
5,infgain,minmax,noAug,noImbl,random_forest,last,0.5,0.1,23,2026-05-28 21:26:27,20260528-212448,log/pimaindians_diabetes_v3/5/infgain/noAug__noImbl__minmax/random_forest,1779974700814_163e1a7b17799747877849230,0.7012987012987013,0.6690251572327044,0.6592592592592592,0.6628593184846754,0.6946214163195296,0.7012987012987013,0.6968633878970829,0.7012987012987013,0.7012987012987013,0.7012987012987013,0.6867684697578934
5,infgain,minmax,noAug,noImbl,random_forest,last,0.5,0.2,23,2026-05-28 21:26:31,20260528-212448,log/pimaindians_diabetes_v3/5/infgain/noAug__noImbl__minmax/random_forest,1779974700814_163e1a7b17799747913007974,0.7662337662337663,0.7434012066365008,0.739074074074074,0.7410797683541939,0.764407161465985,0.7662337662337663,0.765185682988784,0.7662337662337663,0.7662337662337663,0.7662337662337663,0.7571215684126089
5,infgain,minmax,noAug,noImbl,sklearn_SVM,last,0.5,0.1,23,2026-05-28 21:26:27,20260528-212448,log/pimaindians_diabetes_v3/5/infgain/noAug__noImbl__minmax/sklearn_SVM,1779974700814_163e1a7b17799747875184337,0.6883116883116883,0.655,0.6492592592592592,0.6515837104072397,0.6833766233766234,0.6883116883116883,0.6853734500793325,0.6883116883116883,0.6883116883116883,0.6883116883116883,0.6746318376612492
5,infgain,minmax,noAug,noImbl,sklearn_SVM,last,0.5,0.2,23,2026-05-28 21:26:31,20260528-212448,log/pimaindians_diabetes_v3/5/infgain/noAug__noImbl__minmax/sklearn_SVM,1779974700814_163e1a7b17799747910404412,0.7012987012987013,0.6690251572327044,0.6592592592592592,0.6628593184846754,0.6946214163195296,0.7012987012987013,0.6968633878970829,0.7012987012987013,0.7012987012987013,0.7012987012987013,0.6867684697578934
5,infgain,standard,noAug,noImbl,DTmodel,last,0.5,0.1,23,2026-05-28 21:26:42,20260528-212448,log/pimaindians_diabetes_v3/5/infgain/noAug__noImbl__standard/DTmodel,1779974700814_163e1a7b17799748022954572,0.7272727272727273,0.7042553191489361,0.7133333333333334,0.7075420510037982,0.7353965183752418,0.7272727272727273,0.7302323287130666,0.7272727272727273,0.7272727272727273,0.7272727272727273,0.7218737649523717
5,infgain,standard,noAug,noImbl,DTmodel,last,0.5,0.2,23,2026-05-28 21:26:45,20260528-212448,log/pimaindians_diabetes_v3/5/infgain/noAug__noImbl__standard/DTmodel,1779974700814_163e1a7b17799748058276898,0.6688311688311688,0.6354380721090978,0.6342592592592593,0.6348165713488632,0.6674397898010825,0.6688311688311688,0.6681074539911198,0.6688311688311688,0.6688311688311688,0.6688311688311688,0.6566847834504087
5,infgain,standard,noAug,noImbl,GradientBoosting,last,0.5,0.1,23,2026-05-28 21:26:42,20260528-212448,log/pimaindians_diabetes_v3/5/infgain/noAug__noImbl__standard/GradientBoosting,1779974700814_163e1a7b17799748027159686,0.7532467532467533,0.7288838612368025,0.7248148148148148,0.7266953110405381,0.7512977218859571,0.7532467532467533,0.7521404431548276,0.7532467532467533,0.7532467532467533,0.7532467532467532,0.7436237042217633
5,infgain,standard,noAug,noImbl,GradientBoosting,last,0.5,0.2,23,2026-05-28 21:26:46,20260528-212448,log/pimaindians_diabetes_v3/5/infgain/noAug__noImbl__standard/GradientBoosting,1779974700814_163e1a7b17799748062091118,0.7337662337662337,0.7073603586773771,0.7055555555555556,0.7064211652020272,0.7326659889708648,0.7337662337662337,0.7331844237967826,0.7337662337662337,0.7337662337662337,0.7337662337662337,0.7240055221766944
5,infgain,standard,noAug,noImbl,LogisticRegression,last,0.5,0.1,23,2026-05-28 21:26:42,20260528-212448,log/pimaindians_diabetes_v3/5/infgain/noAug__noImbl__standard/LogisticRegression,1779974700814_163e1a7b17799748024337008,0.7662337662337663,0.7459742351046699,0.7262962962962962,0.7334615384615384,0.7610055001359349,0.7662337662337663,0.7613786213786214,0.7662337662337663,0.7662337662337663,0.7662337662337663,0.7540471336232204
5,infgain,standard,noAug,noImbl,LogisticRegression,last,0.5,0.2,23,2026-05-28 21:26:45,20260528-212448,log/pimaindians_diabetes_v3/5/infgain/noAug__noImbl__standard/LogisticRegression,1779974700814_163e1a7b17799748059635869,0.7597402597402597,0.736734693877551,0.7255555555555555,0.7301444470755387,0.7556321229790618,0.7597402597402597,0.7568387094790126,0.7597402597402597,0.7597402597402597,0.7597402597402597,0.7487358146205033
5,infgain,standard,noAug,noImbl,XGBmodel,last,0.5,0.1,23,2026-05-28 21:26:42,20260528-212448,log/pimaindians_diabetes_v3/5/infgain/noAug__noImbl__standard/XGBmodel,1779974700814_163e1a7b17799748021544902,0.7012987012987013,0.6690251572327044,0.6592592592592592,0.6628593184846754,0.6946214163195296,0.7012987012987013,0.6968633878970829,0.7012987012987013,0.7012987012987013,0.7012987012987013,0.6867684697578934
5,infgain,standard,noAug,noImbl,XGBmodel,last,0.5,0.2,23,2026-05-28 21:26:45,20260528-212448,log/pimaindians_diabetes_v3/5/infgain/noAug__noImbl__standard/XGBmodel,1779974700814_163e1a7b17799748056861252,0.7597402597402597,0.7363636363636363,0.7383333333333333,0.7373104052371952,0.7608028335301064,0.7597402597402597,0.760238700951439,0.7597402597402597,0.7597402597402597,0.7597402597402597,0.7520784501471065
5,infgain,standard,noAug,noImbl,random_forest,last,0.5,0.1,23,2026-05-28 21:26:41,20260528-212448,log/pimaindians_diabetes_v3/5/infgain/noAug__noImbl__standard/random_forest,1779974700814_163e1a7b17799748019873039,0.6623376623376623,0.6292592592592592,0.6292592592592592,0.6292592592592592,0.6623376623376623,0.6623376623376623,0.6623376623376623,0.6623376623376623,0.6623376623376623,0.6623376623376623,0.650760221260221
5,infgain,standard,noAug,noImbl,random_forest,last,0.5,0.2,23,2026-05-28 21:26:45,20260528-212448,log/pimaindians_diabetes_v3/5/infgain/noAug__noImbl__standard/random_forest,1779974700814_163e1a7b17799748055122109,0.7597402597402597,0.736734693877551,0.7255555555555555,0.7301444470755387,0.7556321229790618,0.7597402597402597,0.7568387094790126,0.7597402597402597,0.7597402597402597,0.7597402597402597,0.7487358146205033
5,infgain,standard,noAug,noImbl,sklearn_SVM,last,0.5,0.1,23,2026-05-28 21:26:41,20260528-212448,log/pimaindians_diabetes_v3/5/infgain/noAug__noImbl__standard/sklearn_SVM,1779974700814_163e1a7b17799748017169891,0.7012987012987013,0.6684210526315789,0.6422222222222222,0.6478425134221515,0.6888585099111415,0.7012987012987013,0.688825590794173,0.7012987012987013,0.7012987012987013,0.7012987012987013,0.6809698746284233
5,infgain,standard,noAug,noImbl,sklearn_SVM,last,0.5,0.2,23,2026-05-28 21:26:45,20260528-212448,log/pimaindians_diabetes_v3/5/infgain/noAug__noImbl__standard/sklearn_SVM,1779974700814_163e1a7b17799748052491708,0.7207792207792207,0.6916882083913303,0.6785185185185185,0.6832639785717702,0.713991317888713,0.7207792207792207,0.7158243774688028,0.7207792207792207,0.7207792207792207,0.7207792207792207,0.7065947461976302
6,biMaxInfgain,minmax,noAug,noImbl,DTmodel,last,0.5,0.1,23,2026-05-28 21:26:56,20260528-212448,log/pimaindians_diabetes_v3/6/biMaxInfgain/noAug__noImbl__minmax/DTmodel,1779974700814_163e1a7b17799748165567154,0.6363636363636364,0.6007407407407407,0.6007407407407407,0.6007407407407407,0.6363636363636364,0.6363636363636364,0.6363636363636364,0.6363636363636364,0.6363636363636364,0.6363636363636364,0.6238956228956227
6,biMaxInfgain,minmax,noAug,noImbl,DTmodel,last,0.5,0.2,23,2026-05-28 21:27:00,20260528-212448,log/pimaindians_diabetes_v3/6/biMaxInfgain/noAug__noImbl__minmax/DTmodel,1779974700814_163e1a7b17799748200628638,0.7207792207792207,0.6983077736647276,0.7083333333333333,0.7016445145302996,0.7306104788918115,0.7207792207792207,0.7242136552341554,0.7207792207792207,0.7207792207792207,0.7207792207792207,0.7159155723653435
6,biMaxInfgain,minmax,noAug,noImbl,GradientBoosting,last,0.5,0.1,23,2026-05-28 21:26:56,20260528-212448,log/pimaindians_diabetes_v3/6/biMaxInfgain/noAug__noImbl__minmax/GradientBoosting,1779974700814_163e1a7b17799748169444968,0.6233766233766234,0.583710407239819,0.5822222222222222,0.5828507379039791,0.6202033260856791,0.6233766233766234,0.6216880448152632,0.6233766233766234,0.6233766233766234,0.6233766233766234,0.6086450623133076
6,biMaxInfgain,minmax,noAug,noImbl,GradientBoosting,last,0.5,0.2,23,2026-05-28 21:27:00,20260528-212448,log/pimaindians_diabetes_v3/6/biMaxInfgain/noAug__noImbl__minmax/GradientBoosting,1779974700814_163e1a7b17799748204548544,0.7077922077922078,0.6765594647096913,0.6514814814814814,0.6575240919199407,0.6965137172346324,0.7077922077922078,0.6967161822610303,0.7077922077922078,0.7077922077922078,0.7077922077922078,0.6887083905866093
6,biMaxInfgain,minmax,noAug,noImbl,LogisticRegression,last,0.5,0.1,23,2026-05-28 21:26:56,20260528-212448,log/pimaindians_diabetes_v3/6/biMaxInfgain/noAug__noImbl__minmax/LogisticRegression,1779974700814_163e1a7b17799748166955062,0.6623376623376623,0.6499999999999999,0.6633333333333333,0.6490182328190743,0.6905380333951763,0.6623376623376623,0.6694413580809093,0.6623376623376623,0.6623376623376623,0.6623376623376623,0.6630911402429132
6,biMaxInfgain,minmax,noAug,noImbl,LogisticRegression,last,0.5,0.2,23,2026-05-28 21:27:00,20260528-212448,log/pimaindians_diabetes_v3/6/biMaxInfgain/noAug__noImbl__minmax/LogisticRegression,1779974700814_163e1a7b17799748202088062,0.7402597402597403,0.7165948275862069,0.7233333333333334,0.7193877551020409,0.7452418271383789,0.7402597402597403,0.7422475483699973,0.7402597402597403,0.7402597402597403,0.7402597402597403,0.7338661904304936
6,biMaxInfgain,minmax,noAug,noImbl,XGBmodel,last,0.5,0.1,23,2026-05-28 21:26:56,20260528-212448,log/pimaindians_diabetes_v3/6/biMaxInfgain/noAug__noImbl__minmax/XGBmodel,1779974700814_163e1a7b17799748164128251,0.7142857142857143,0.6864791288566243,0.6522222222222223,0.6590177133655395,0.7028778843660877,0.7142857142857143,0.7000230043708305,0.7142857142857143,0.7142857142857143,0.7142857142857143,0.6937283169192344
6,biMaxInfgain,minmax,noAug,noImbl,XGBmodel,last,0.5,0.2,23,2026-05-28 21:26:59,20260528-212448,log/pimaindians_diabetes_v3/6/biMaxInfgain/noAug__noImbl__minmax/XGBmodel,1779974700814_163e1a7b17799748199153559,0.7532467532467533,0.7424670433145009,0.6907407407407407,0.7017329255861366,0.74851419766674,0.7532467532467533,0.7387584892172049,0.7532467532467533,0.7532467532467533,0.7532467532467532,0.7355446116914004
6,biMaxInfgain,minmax,noAug,noImbl,random_forest,last,0.5,0.1,23,2026-05-28 21:26:56,20260528-212448,log/pimaindians_diabetes_v3/6/biMaxInfgain/noAug__noImbl__minmax/random_forest,1779974700814_163e1a7b17799748162418430,0.6623376623376623,0.6499999999999999,0.6633333333333333,0.6490182328190743,0.6905380333951763,0.6623376623376623,0.6694413580809093,0.6623376623376623,0.6623376623376623,0.6623376623376623,0.6630911402429132
6,biMaxInfgain,minmax,noAug,noImbl,random_forest,last,0.5,0.2,23,2026-05-28 21:26:59,20260528-212448,log/pimaindians_diabetes_v3/6/biMaxInfgain/noAug__noImbl__minmax/random_forest,1779974700814_163e1a7b17799748197414863,0.7467532467532467,0.724085637823372,0.7325925925925927,0.727433628318584,0.753049804789323,0.7467532467532467,0.7491092977818641,0.7467532467532467,0.7467532467532467,0.7467532467532466,0.7411555411368945
6,biMaxInfgain,minmax,noAug,noImbl,sklearn_SVM,last,0.5,0.1,23,2026-05-28 21:26:55,20260528-212448,log/pimaindians_diabetes_v3/6/biMaxInfgain/noAug__noImbl__minmax/sklearn_SVM,1779974700814_163e1a7b17799748159733528,0.7012987012987013,0.6684210526315789,0.6422222222222222,0.6478425134221515,0.6888585099111415,0.7012987012987013,0.688825590794173,0.7012987012987013,0.7012987012987013,0.7012987012987013,0.6809698746284233
6,biMaxInfgain,minmax,noAug,noImbl,sklearn_SVM,last,0.5,0.2,23,2026-05-28 21:26:59,20260528-212448,log/pimaindians_diabetes_v3/6/biMaxInfgain/noAug__noImbl__minmax/sklearn_SVM,1779974700814_163e1a7b17799748194775770,0.7467532467532467,0.7287625418060201,0.69,0.6996249062265567,0.739651652695131,0.7467532467532467,0.7351643105581591,0.7467532467532467,0.7467532467532467,0.7467532467532466,0.729761100669121
6,biMaxInfgain,standard,noAug,noImbl,DTmodel,last,0.5,0.1,23,2026-05-28 21:27:10,20260528-212448,log/pimaindians_diabetes_v3/6/biMaxInfgain/noAug__noImbl__standard/DTmodel,1779974700814_163e1a7b17799748307149551,0.6623376623376623,0.6292592592592592,0.6292592592592592,0.6292592592592592,0.6623376623376623,0.6623376623376623,0.6623376623376623,0.6623376623376623,0.6623376623376623,0.6623376623376623,0.650760221260221
6,biMaxInfgain,standard,noAug,noImbl,DTmodel,last,0.5,0.2,23,2026-05-28 21:27:14,20260528-212448,log/pimaindians_diabetes_v3/6/biMaxInfgain/noAug__noImbl__standard/DTmodel,1779974700814_163e1a7b17799748344323244,0.6428571428571429,0.6141837644959858,0.6185185185185185,0.6156115271159519,0.6508219701796865,0.6428571428571429,0.6461797789231417,0.6428571428571429,0.6428571428571429,0.6428571428571429,0.6347639783681402
6,biMaxInfgain,standard,noAug,noImbl,GradientBoosting,last,0.5,0.1,23,2026-05-28 21:27:11,20260528-212448,log/pimaindians_diabetes_v3/6/biMaxInfgain/noAug__noImbl__standard/GradientBoosting,1779974700814_163e1a7b17799748311085877,0.7272727272727273,0.6992924528301887,0.6877777777777778,0.692175899486008,0.7214837049742711,0.7272727272727273,0.7232230932973366,0.7272727272727273,0.7272727272727273,0.7272727272727273,0.7140743333848163
6,biMaxInfgain,standard,noAug,noImbl,GradientBoosting,last,0.5,0.2,23,2026-05-28 21:27:14,20260528-212448,log/pimaindians_diabetes_v3/6/biMaxInfgain/noAug__noImbl__standard/GradientBoosting,1779974700814_163e1a7b17799748348297217,0.7662337662337663,0.7438461538461538,0.7348148148148148,0.7386877828054299,0.7629170829170829,0.7662337662337663,0.7640300875594993,0.7662337662337663,0.7662337662337663,0.7662337662337663,0.7560589922060509
6,biMaxInfgain,standard,noAug,noImbl,LogisticRegression,last,0.5,0.1,23,2026-05-28 21:27:10,20260528-212448,log/pimaindians_diabetes_v3/6/biMaxInfgain/noAug__noImbl__standard/LogisticRegression,1779974700814_163e1a7b17799748308550900,0.7532467532467533,0.7318181818181818,0.7077777777777778,0.7156462585034014,0.7467532467532467,0.7532467532467533,0.7465323791854404,0.7532467532467533,0.7532467532467533,0.7532467532467532,0.7392604175869479
6,biMaxInfgain,standard,noAug,noImbl,LogisticRegression,last,0.5,0.2,23,2026-05-28 21:27:14,20260528-212448,log/pimaindians_diabetes_v3/6/biMaxInfgain/noAug__noImbl__standard/LogisticRegression,1779974700814_163e1a7b17799748345813376,0.7727272727272727,0.7596589682710986,0.7227777777777777,0.7336298492710649,0.7680081627847654,0.7727272727272727,0.7641125862030235,0.7727272727272727,0.7727272727272727,0.7727272727272727,0.7587967652953863
6,biMaxInfgain,standard,noAug,noImbl,XGBmodel,last,0.5,0.1,23,2026-05-28 21:27:10,20260528-212448,log/pimaindians_diabetes_v3/6/biMaxInfgain/noAug__noImbl__standard/XGBmodel,1779974700814_163e1a7b17799748305722208,0.6753246753246753,0.6417797888386123,0.6392592592592592,0.6403885671586027,0.6726410844057903,0.6753246753246753,0.6738690041510889,0.6753246753246753,0.6753246753246753,0.6753246753246753,0.66263651907669
6,biMaxInfgain,standard,noAug,noImbl,XGBmodel,last,0.5,0.2,23,2026-05-28 21:27:14,20260528-212448,log/pimaindians_diabetes_v3/6/biMaxInfgain/noAug__noImbl__standard/XGBmodel,1779974700814_163e1a7b17799748342841385,0.7467532467532467,0.7232415902140672,0.7027777777777777,0.7097288676236044,0.7401405933516025,0.7467532467532467,0.740694711986578,0.7467532467532467,0.7467532467532467,0.7467532467532466,0.7328808317771708
6,biMaxInfgain,standard,noAug,noImbl,random_forest,last,0.5,0.1,23,2026-05-28 21:27:10,20260528-212448,log/pimaindians_diabetes_v3/6/biMaxInfgain/noAug__noImbl__standard/random_forest,1779974700814_163e1a7b17799748304039190,0.6883116883116883,0.6577777777777778,0.6577777777777778,0.6577777777777778,0.6883116883116883,0.6883116883116883,0.6883116883116883,0.6883116883116883,0.6883116883116883,0.6883116883116883,0.6776248196248196
6,biMaxInfgain,standard,noAug,noImbl,random_forest,last,0.5,0.2,23,2026-05-28 21:27:14,20260528-212448,log/pimaindians_diabetes_v3/6/biMaxInfgain/noAug__noImbl__standard/random_forest,1779974700814_163e1a7b17799748341077547,0.7532467532467533,0.7290384615384615,0.7205555555555556,0.7241704374057315,0.7496603396603396,0.7532467532467533,0.7509206479794716,0.7532467532467533,0.7532467532467533,0.7532467532467532,0.7424877997819173
6,biMaxInfgain,standard,noAug,noImbl,sklearn_SVM,last,0.5,0.1,23,2026-05-28 21:27:10,20260528-212448,log/pimaindians_diabetes_v3/6/biMaxInfgain/noAug__noImbl__standard/sklearn_SVM,1779974700814_163e1a7b17799748301384613,0.6623376623376623,0.6190476190476191,0.6037037037037037,0.6065251572327044,0.6474953617810761,0.6623376623376623,0.6507902474883607,0.6623376623376623,0.6623376623376623,0.6623376623376623,0.6405570440964643
6,biMaxInfgain,standard,noAug,noImbl,sklearn_SVM,last,0.5,0.2,23,2026-05-28 21:27:13,20260528-212448,log/pimaindians_diabetes_v3/6/biMaxInfgain/noAug__noImbl__standard/sklearn_SVM,1779974700814_163e1a7b17799748338424554,0.7142857142857143,0.6840909090909091,0.665,0.6707482993197278,0.7051357733175915,0.7142857142857143,0.706511175898931,0.7142857142857143,0.7142857142857143,0.7142857142857143,0.6977258752379344
6,infgain,minmax,noAug,noImbl,DTmodel,last,0.5,0.1,23,2026-05-28 21:27:25,20260528-212448,log/pimaindians_diabetes_v3/6/infgain/noAug__noImbl__minmax/DTmodel,1779974700814_163e1a7b17799748454142325,0.6233766233766234,0.583710407239819,0.5822222222222222,0.5828507379039791,0.6202033260856791,0.6233766233766234,0.6216880448152632,0.6233766233766234,0.6233766233766234,0.6233766233766234,0.6086450623133076
6,infgain,minmax,noAug,noImbl,DTmodel,last,0.5,0.2,23,2026-05-28 21:27:29,20260528-212448,log/pimaindians_diabetes_v3/6/infgain/noAug__noImbl__minmax/DTmodel,1779974700814_163e1a7b17799748491863918,0.6948051948051948,0.6691347011596789,0.6755555555555556,0.671522577717268,0.7019358874845048,0.6948051948051948,0.697644538352503,0.6948051948051948,0.6948051948051948,0.6948051948051948,0.6879597597525173
6,infgain,minmax,noAug,noImbl,GradientBoosting,last,0.5,0.1,23,2026-05-28 21:27:25,20260528-212448,log/pimaindians_diabetes_v3/6/infgain/noAug__noImbl__minmax/GradientBoosting,1779974700814_163e1a7b17799748458256408,0.7012987012987013,0.670814479638009,0.6677777777777778,0.6691574817859145,0.6988599635658459,0.7012987012987013,0.6999594838190019,0.7012987012987013,0.7012987012987013,0.7012987012987013,0.689632247458381
6,infgain,minmax,noAug,noImbl,GradientBoosting,last,0.5,0.2,23,2026-05-28 21:27:29,20260528-212448,log/pimaindians_diabetes_v3/6/infgain/noAug__noImbl__minmax/GradientBoosting,1779974700814_163e1a7b17799748495944717,0.7467532467532467,0.7245966897129688,0.6985185185185185,0.7065520105535741,0.7395849488872746,0.7467532467532467,0.7389951134515554,0.7467532467532467,0.7467532467532467,0.7467532467532466,0.7318033830139441
6,infgain,minmax,noAug,noImbl,LogisticRegression,last,0.5,0.1,23,2026-05-28 21:27:25,20260528-212448,log/pimaindians_diabetes_v3/6/infgain/noAug__noImbl__minmax/LogisticRegression,1779974700814_163e1a7b17799748455564315,0.7272727272727273,0.7042553191489361,0.7133333333333334,0.7075420510037982,0.7353965183752418,0.7272727272727273,0.7302323287130666,0.7272727272727273,0.7272727272727273,0.7272727272727273,0.7218737649523717
6,infgain,minmax,noAug,noImbl,LogisticRegression,last,0.5,0.2,23,2026-05-28 21:27:29,20260528-212448,log/pimaindians_diabetes_v3/6/infgain/noAug__noImbl__minmax/LogisticRegression,1779974700814_163e1a7b17799748493327874,0.7532467532467533,0.7290740740740741,0.7290740740740741,0.7290740740740741,0.7532467532467533,0.7532467532467533,0.7532467532467533,0.7532467532467533,0.7532467532467533,0.7532467532467532,0.7447863155363152
6,infgain,minmax,noAug,noImbl,XGBmodel,last,0.5,0.1,23,2026-05-28 21:27:25,20260528-212448,log/pimaindians_diabetes_v3/6/infgain/noAug__noImbl__minmax/XGBmodel,1779974700814_163e1a7b17799748452599499,0.7272727272727273,0.7126024590163935,0.6537037037037037,0.6612193588937776,0.7201005961251863,0.7272727272727273,0.7059025198560083,0.7272727272727273,0.7272727272727273,0.7272727272727273,0.704618048606087
6,infgain,minmax,noAug,noImbl,XGBmodel,last,0.5,0.2,23,2026-05-28 21:27:29,20260528-212448,log/pimaindians_diabetes_v3/6/infgain/noAug__noImbl__minmax/XGBmodel,1779974700814_163e1a7b17799748490364085,0.7532467532467533,0.7520491803278688,0.6822222222222223,0.6934841818562749,0.7526612731530764,0.7532467532467533,0.7339118036792455,0.7532467532467533,0.7532467532467533,0.7532467532467532,0.7341013666993459
6,infgain,minmax,noAug,noImbl,random_forest,last,0.5,0.1,23,2026-05-28 21:27:25,20260528-212448,log/pimaindians_diabetes_v3/6/infgain/noAug__noImbl__minmax/random_forest,1779974700814_163e1a7b17799748450829958,0.6623376623376623,0.6439393939393939,0.6548148148148148,0.6450354609929079,0.6824085005903187,0.6623376623376623,0.668444321635811,0.6623376623376623,0.6623376623376623,0.6623376623376623,0.6600733032638253
6,infgain,minmax,noAug,noImbl,random_forest,last,0.5,0.2,23,2026-05-28 21:27:28,20260528-212448,log/pimaindians_diabetes_v3/6/infgain/noAug__noImbl__minmax/random_forest,1779974700814_163e1a7b17799748488566225,0.7337662337662337,0.7073603586773771,0.7055555555555556,0.7064211652020272,0.7326659889708648,0.7337662337662337,0.7331844237967826,0.7337662337662337,0.7337662337662337,0.7337662337662337,0.7240055221766944
6,infgain,minmax,noAug,noImbl,sklearn_SVM,last,0.5,0.1,23,2026-05-28 21:27:24,20260528-212448,log/pimaindians_diabetes_v3/6/infgain/noAug__noImbl__minmax/sklearn_SVM,1779974700814_163e1a7b17799748448066365,0.7012987012987013,0.6681818181818182,0.6507407407407406,0.6557823129251701,0.6912632821723731,0.7012987012987013,0.6931707748034278,0.7012987012987013,0.7012987012987013,0.7012987012987013,0.6838810277882632
6,infgain,minmax,noAug,noImbl,sklearn_SVM,last,0.5,0.2,23,2026-05-28 21:27:28,20260528-212448,log/pimaindians_diabetes_v3/6/infgain/noAug__noImbl__minmax/sklearn_SVM,1779974700814_163e1a7b17799748485863709,0.7402597402597403,0.7243408662900188,0.6764814814814815,0.6860346585117227,0.7332709663218138,0.7402597402597403,0.7250089360181103,0.7402597402597403,0.7402597402597403,0.7402597402597403,0.7211697666927024
6,infgain,standard,noAug,noImbl,DTmodel,last,0.5,0.1,23,2026-05-28 21:27:40,20260528-212448,log/pimaindians_diabetes_v3/6/infgain/noAug__noImbl__standard/DTmodel,1779974700814_163e1a7b17799748602726713,0.6883116883116883,0.655,0.6492592592592592,0.6515837104072397,0.6833766233766234,0.6883116883116883,0.6853734500793325,0.6883116883116883,0.6883116883116883,0.6883116883116883,0.6746318376612492
6,infgain,standard,noAug,noImbl,DTmodel,last,0.5,0.2,23,2026-05-28 21:27:43,20260528-212448,log/pimaindians_diabetes_v3/6/infgain/noAug__noImbl__standard/DTmodel,1779974700814_163e1a7b17799748639597283,0.6298701298701299,0.597666847531199,0.6,0.598573192481822,0.6347006222209693,0.6298701298701299,0.6320536371297794,0.6298701298701299,0.6298701298701299,0.6298701298701299,0.6197788233650088
6,infgain,standard,noAug,noImbl,GradientBoosting,last,0.5,0.1,23,2026-05-28 21:27:40,20260528-212448,log/pimaindians_diabetes_v3/6/infgain/noAug__noImbl__standard/GradientBoosting,1779974700814_163e1a7b17799748607073229,0.7012987012987013,0.6681818181818182,0.6507407407407406,0.6557823129251701,0.6912632821723731,0.7012987012987013,0.6931707748034278,0.7012987012987013,0.7012987012987013,0.7012987012987013,0.6838810277882632
6,infgain,standard,noAug,noImbl,GradientBoosting,last,0.5,0.2,23,2026-05-28 21:27:44,20260528-212448,log/pimaindians_diabetes_v3/6/infgain/noAug__noImbl__standard/GradientBoosting,1779974700814_163e1a7b17799748645277877,0.7402597402597403,0.7142307692307692,0.7062962962962962,0.7096530920060332,0.7364035964035964,0.7402597402597403,0.7378112083994437,0.7402597402597403,0.7402597402597403,0.7402597402597403,0.7289166073577837
6,infgain,standard,noAug,noImbl,LogisticRegression,last,0.5,0.1,23,2026-05-28 21:27:40,20260528-212448,log/pimaindians_diabetes_v3/6/infgain/noAug__noImbl__standard/LogisticRegression,1779974700814_163e1a7b17799748604343143,0.7792207792207793,0.7636363636363637,0.7362962962962962,0.745578231292517,0.7744982290436836,0.7792207792207793,0.7732131813764467,0.7792207792207793,0.7792207792207793,0.7792207792207793,0.7669501124862905
6,infgain,standard,noAug,noImbl,LogisticRegression,last,0.5,0.2,23,2026-05-28 21:27:44,20260528-212448,log/pimaindians_diabetes_v3/6/infgain/noAug__noImbl__standard/LogisticRegression,1779974700814_163e1a7b17799748642644793,0.7597402597402597,0.736734693877551,0.7255555555555555,0.7301444470755387,0.7556321229790618,0.7597402597402597,0.7568387094790126,0.7597402597402597,0.7597402597402597,0.7597402597402597,0.7487358146205033
6,infgain,standard,noAug,noImbl,XGBmodel,last,0.5,0.1,23,2026-05-28 21:27:40,20260528-212448,log/pimaindians_diabetes_v3/6/infgain/noAug__noImbl__standard/XGBmodel,1779974700814_163e1a7b17799748601261492,0.6753246753246753,0.6363636363636364,0.6222222222222222,0.6258503401360545,0.6635182998819362,0.6753246753246753,0.6664899726124216,0.6753246753246753,0.6753246753246753,0.6753246753246753,0.656191332888921
6,infgain,standard,noAug,noImbl,XGBmodel,last,0.5,0.2,23,2026-05-28 21:27:43,20260528-212448,log/pimaindians_diabetes_v3/6/infgain/noAug__noImbl__standard/XGBmodel,1779974700814_163e1a7b17799748638049511,0.7467532467532467,0.7217687074829932,0.7112962962962963,0.7155576604309732,0.7422917218835586,0.7467532467532467,0.7436948559373376,0.7467532467532467,0.7467532467532467,0.7467532467532466,0.73512484872283
6,infgain,standard,noAug,noImbl,random_forest,last,0.5,0.1,23,2026-05-28 21:27:39,20260528-212448,log/pimaindians_diabetes_v3/6/infgain/noAug__noImbl__standard/random_forest,1779974700814_163e1a7b17799748599459134,0.6753246753246753,0.6387578616352201,0.6307407407407407,0.6335427374833429,0.6677591276647881,0.6753246753246753,0.6705036824968292,0.6753246753246753,0.6753246753246753,0.6753246753246753,0.6594626061309707
6,infgain,standard,noAug,noImbl,random_forest,last,0.5,0.2,23,2026-05-28 21:27:43,20260528-212448,log/pimaindians_diabetes_v3/6/infgain/noAug__noImbl__standard/random_forest,1779974700814_163e1a7b17799748636217510,0.7402597402597403,0.714366515837104,0.7105555555555556,0.7123108537268821,0.7381882823059294,0.7402597402597403,0.7390952033208712,0.7402597402597403,0.7402597402597403,0.7402597402597403,0.7301258400309178
6,infgain,standard,noAug,noImbl,sklearn_SVM,last,0.5,0.1,23,2026-05-28 21:27:39,20260528-212448,log/pimaindians_diabetes_v3/6/infgain/noAug__noImbl__standard/sklearn_SVM,1779974700814_163e1a7b17799748596671096,0.6753246753246753,0.6337099811676083,0.6051851851851852,0.6075433231396534,0.6570548095971825,0.6753246753246753,0.656261170022638,0.6753246753246753,0.6753246753246753,0.6753246753246753,0.6492955416992113
6,infgain,standard,noAug,noImbl,sklearn_SVM,last,0.5,0.2,23,2026-05-28 21:27:43,20260528-212448,log/pimaindians_diabetes_v3/6/infgain/noAug__noImbl__standard/sklearn_SVM,1779974700814_163e1a7b17799748633488663,0.7142857142857143,0.6845238095238095,0.6607407407407406,0.667059748427673,0.7040816326530612,0.7142857142857143,0.7045148247978437,0.7142857142857143,0.7142857142857143,0.7142857142857143,0.696385089989874
7,biMaxInfgain,minmax,noAug,noImbl,DTmodel,last,0.5,0.1,23,2026-05-28 21:27:55,20260528-212448,log/pimaindians_diabetes_v3/7/biMaxInfgain/noAug__noImbl__minmax/DTmodel,1779974700814_163e1a7b17799748752576501,0.6233766233766234,0.5671052631578948,0.5566666666666666,0.5559753430105389,0.6020847573479152,0.6233766233766234,0.6076496579578703,0.6233766233766234,0.6233766233766234,0.6233766233766234,0.5964800682131582
7,biMaxInfgain,minmax,noAug,noImbl,DTmodel,last,0.5,0.2,23,2026-05-28 21:27:58,20260528-212448,log/pimaindians_diabetes_v3/7/biMaxInfgain/noAug__noImbl__minmax/DTmodel,1779974700814_163e1a7b17799748789474812,0.6233766233766234,0.583710407239819,0.5822222222222222,0.5828507379039791,0.6202033260856791,0.6233766233766234,0.6216880448152632,0.6233766233766234,0.6233766233766234,0.6233766233766234,0.6086450623133076
7,biMaxInfgain,minmax,noAug,noImbl,GradientBoosting,last,0.5,0.1,23,2026-05-28 21:27:55,20260528-212448,log/pimaindians_diabetes_v3/7/biMaxInfgain/noAug__noImbl__minmax/GradientBoosting,1779974700814_163e1a7b17799748756762786,0.7012987012987013,0.6681818181818182,0.6507407407407406,0.6557823129251701,0.6912632821723731,0.7012987012987013,0.6931707748034278,0.7012987012987013,0.7012987012987013,0.7012987012987013,0.6838810277882632
7,biMaxInfgain,minmax,noAug,noImbl,GradientBoosting,last,0.5,0.2,23,2026-05-28 21:27:59,20260528-212448,log/pimaindians_diabetes_v3/7/biMaxInfgain/noAug__noImbl__minmax/GradientBoosting,1779974700814_163e1a7b17799748793544564,0.7077922077922078,0.6785914440500653,0.6770370370370371,0.6777793276607615,0.7065755093029519,0.7077922077922078,0.7071536358745174,0.7077922077922078,0.7077922077922078,0.7077922077922078,0.6970772266861803
7,biMaxInfgain,minmax,noAug,noImbl,LogisticRegression,last,0.5,0.1,23,2026-05-28 21:27:55,20260528-212448,log/pimaindians_diabetes_v3/7/biMaxInfgain/noAug__noImbl__minmax/LogisticRegression,1779974700814_163e1a7b17799748754075226,0.6623376623376623,0.6499999999999999,0.6633333333333333,0.6490182328190743,0.6905380333951763,0.6623376623376623,0.6694413580809093,0.6623376623376623,0.6623376623376623,0.6623376623376623,0.6630911402429132
7,biMaxInfgain,minmax,noAug,noImbl,LogisticRegression,last,0.5,0.2,23,2026-05-28 21:27:59,20260528-212448,log/pimaindians_diabetes_v3/7/biMaxInfgain/noAug__noImbl__minmax/LogisticRegression,1779974700814_163e1a7b17799748790935634,0.7402597402597403,0.7165948275862069,0.7233333333333334,0.7193877551020409,0.7452418271383789,0.7402597402597403,0.7422475483699973,0.7402597402597403,0.7402597402597403,0.7402597402597403,0.7338661904304936
7,biMaxInfgain,minmax,noAug,noImbl,XGBmodel,last,0.5,0.1,23,2026-05-28 21:27:55,20260528-212448,log/pimaindians_diabetes_v3/7/biMaxInfgain/noAug__noImbl__minmax/XGBmodel,1779974700814_163e1a7b17799748751046254,0.7012987012987013,0.673155737704918,0.6251851851851852,0.62895453593128,0.6875399190972962,0.7012987012987013,0.677893236032771,0.7012987012987013,0.7012987012987013,0.7012987012987013,0.6751347305128279
7,biMaxInfgain,minmax,noAug,noImbl,XGBmodel,last,0.5,0.2,23,2026-05-28 21:27:58,20260528-212448,log/pimaindians_diabetes_v3/7/biMaxInfgain/noAug__noImbl__minmax/XGBmodel,1779974700814_163e1a7b17799748787917850,0.7207792207792207,0.6918450560652396,0.6742592592592592,0.6799574694311536,0.7126414869534134,0.7207792207792207,0.7140992978313553,0.7207792207792207,0.7207792207792207,0.7207792207792207,0.7052947836288557
7,biMaxInfgain,minmax,noAug,noImbl,random_forest,last,0.5,0.1,23,2026-05-28 21:27:54,20260528-212448,log/pimaindians_diabetes_v3/7/biMaxInfgain/noAug__noImbl__minmax/random_forest,1779974700814_163e1a7b17799748749188184,0.5974025974025974,0.5880758807588076,0.5962962962962963,0.5836385836385836,0.6309787773202408,0.5974025974025974,0.6062508919651777,0.5974025974025974,0.5974025974025974,0.5974025974025974,0.5989795557391375
7,biMaxInfgain,minmax,noAug,noImbl,random_forest,last,0.5,0.2,23,2026-05-28 21:27:58,20260528-212448,log/pimaindians_diabetes_v3/7/biMaxInfgain/noAug__noImbl__minmax/random_forest,1779974700814_163e1a7b17799748786081566,0.7337662337662337,0.7118808390622247,0.7225925925925927,0.7155215138544717,0.7433410939492379,0.7337662337662337,0.7370409270837295,0.7337662337662337,0.7337662337662337,0.7337662337662337,0.729172312207629
7,biMaxInfgain,minmax,noAug,noImbl,sklearn_SVM,last,0.5,0.1,23,2026-05-28 21:27:54,20260528-212448,log/pimaindians_diabetes_v3/7/biMaxInfgain/noAug__noImbl__minmax/sklearn_SVM,1779974700814_163e1a7b17799748746450448,0.6753246753246753,0.6363636363636364,0.6222222222222222,0.6258503401360545,0.6635182998819362,0.6753246753246753,0.6664899726124216,0.6753246753246753,0.6753246753246753,0.6753246753246753,0.656191332888921
7,biMaxInfgain,minmax,noAug,noImbl,sklearn_SVM,last,0.5,0.2,23,2026-05-28 21:27:58,20260528-212448,log/pimaindians_diabetes_v3/7/biMaxInfgain/noAug__noImbl__minmax/sklearn_SVM,1779974700814_163e1a7b17799748783350745,0.7142857142857143,0.6853070175438596,0.6564814814814814,0.6631537084907536,0.7033208020050126,0.7142857142857143,0.7023549129335568,0.7142857142857143,0.7142857142857143,0.7142857142857143,0.6950515090309675
7,biMaxInfgain,standard,noAug,noImbl,DTmodel,last,0.5,0.1,23,2026-05-28 21:28:10,20260528-212448,log/pimaindians_diabetes_v3/7/biMaxInfgain/noAug__noImbl__standard/DTmodel,1779974700814_163e1a7b17799748902794819,0.6753246753246753,0.649645390070922,0.6562962962962963,0.6518357750045216,0.6843879524730588,0.6753246753246753,0.6788480103726984,0.6753246753246753,0.6753246753246753,0.6753246753246753,0.6687654018204807
7,biMaxInfgain,standard,noAug,noImbl,DTmodel,last,0.5,0.2,23,2026-05-28 21:28:14,20260528-212448,log/pimaindians_diabetes_v3/7/biMaxInfgain/noAug__noImbl__standard/DTmodel,1779974700814_163e1a7b17799748940003477,0.6233766233766234,0.6010416666666667,0.6077777777777778,0.6016057091882248,0.6405573593073592,0.6233766233766234,0.6294240995400674,0.6233766233766234,0.6233766233766234,0.6233766233766234,0.6189428010350734
7,biMaxInfgain,standard,noAug,noImbl,GradientBoosting,last,0.5,0.1,23,2026-05-28 21:28:10,20260528-212448,log/pimaindians_diabetes_v3/7/biMaxInfgain/noAug__noImbl__standard/GradientBoosting,1779974700814_163e1a7b17799748907002275,0.7012987012987013,0.6690251572327044,0.6592592592592592,0.6628593184846754,0.6946214163195296,0.7012987012987013,0.6968633878970829,0.7012987012987013,0.7012987012987013,0.7012987012987013,0.6867684697578934
7,biMaxInfgain,standard,noAug,noImbl,GradientBoosting,last,0.5,0.2,23,2026-05-28 21:28:14,20260528-212448,log/pimaindians_diabetes_v3/7/biMaxInfgain/noAug__noImbl__standard/GradientBoosting,1779974700814_163e1a7b17799748944222469,0.7727272727272727,0.7529329886657388,0.7355555555555555,0.7421916104653944,0.7681086064462481,0.7727272727272727,0.7686942607304208,0.7727272727272727,0.7727272727272727,0.7727272727272727,0.7613835048370353
7,biMaxInfgain,standard,noAug,noImbl,LogisticRegression,last,0.5,0.1,23,2026-05-28 21:28:10,20260528-212448,log/pimaindians_diabetes_v3/7/biMaxInfgain/noAug__noImbl__standard/LogisticRegression,1779974700814_163e1a7b17799748904309466,0.7272727272727273,0.7021929824561404,0.6707407407407406,0.6784649035593557,0.7177830940988836,0.7272727272727273,0.7158842350729406,0.7272727272727273,0.7272727272727273,0.7272727272727273,0.7091331434335117
7,biMaxInfgain,standard,noAug,noImbl,LogisticRegression,last,0.5,0.2,23,2026-05-28 21:28:14,20260528-212448,log/pimaindians_diabetes_v3/7/biMaxInfgain/noAug__noImbl__standard/LogisticRegression,1779974700814_163e1a7b17799748941577222,0.7662337662337663,0.75,0.7177777777777778,0.7275943396226415,0.7606679035250463,0.7662337662337663,0.7582394021073267,0.7662337662337663,0.7662337662337663,0.7662337662337663,0.752213135883284
7,biMaxInfgain,standard,noAug,noImbl,XGBmodel,last,0.5,0.1,23,2026-05-28 21:28:10,20260528-212448,log/pimaindians_diabetes_v3/7/biMaxInfgain/noAug__noImbl__standard/XGBmodel,1779974700814_163e1a7b17799748901296473,0.6753246753246753,0.6387578616352201,0.6307407407407407,0.6335427374833429,0.6677591276647881,0.6753246753246753,0.6705036824968292,0.6753246753246753,0.6753246753246753,0.6753246753246753,0.6594626061309707
7,biMaxInfgain,standard,noAug,noImbl,XGBmodel,last,0.5,0.2,23,2026-05-28 21:28:13,20260528-212448,log/pimaindians_diabetes_v3/7/biMaxInfgain/noAug__noImbl__standard/XGBmodel,1779974700814_163e1a7b17799748938436810,0.7727272727272727,0.754638124362895,0.7312962962962963,0.7395002658160553,0.7676396997497915,0.7727272727272727,0.7672901261418008,0.7727272727272727,0.7727272727272727,0.7727272727272727,0.7604668799254856
7,biMaxInfgain,standard,noAug,noImbl,random_forest,last,0.5,0.1,23,2026-05-28 21:28:09,20260528-212448,log/pimaindians_diabetes_v3/7/biMaxInfgain/noAug__noImbl__standard/random_forest,1779974700814_163e1a7b17799748899468775,0.6623376623376623,0.6292592592592592,0.6292592592592592,0.6292592592592592,0.6623376623376623,0.6623376623376623,0.6623376623376623,0.6623376623376623,0.6623376623376623,0.6623376623376623,0.650760221260221
7,biMaxInfgain,standard,noAug,noImbl,random_forest,last,0.5,0.2,23,2026-05-28 21:28:13,20260528-212448,log/pimaindians_diabetes_v3/7/biMaxInfgain/noAug__noImbl__standard/random_forest,1779974700814_163e1a7b17799748936561868,0.7727272727272727,0.7509042451932229,0.7440740740740741,0.7471264367816092,0.7702092310887285,0.7727272727272727,0.7711598746081505,0.7727272727272727,0.7727272727272727,0.7727272727272727,0.7633526108349753
7,biMaxInfgain,standard,noAug,noImbl,sklearn_SVM,last,0.5,0.1,23,2026-05-28 21:28:09,20260528-212448,log/pimaindians_diabetes_v3/7/biMaxInfgain/noAug__noImbl__standard/sklearn_SVM,1779974700814_163e1a7b17799748896726562,0.6493506493506493,0.6008771929824561,0.5851851851851851,0.5865977331477431,0.6310093415356572,0.6493506493506493,0.6347083022366379,0.6493506493506493,0.6493506493506493,0.6493506493506493,0.6246433370182466
7,biMaxInfgain,standard,noAug,noImbl,sklearn_SVM,last,0.5,0.2,23,2026-05-28 21:28:13,20260528-212448,log/pimaindians_diabetes_v3/7/biMaxInfgain/noAug__noImbl__standard/sklearn_SVM,1779974700814_163e1a7b17799748933865954,0.7272727272727273,0.7008928571428572,0.675,0.6821933962264151,0.7182282003710575,0.7272727272727273,0.7179459691252145,0.7272727272727273,0.7272727272727273,0.7272727272727273,0.7103421014632266
7,infgain,minmax,noAug,noImbl,DTmodel,last,0.5,0.1,23,2026-05-28 21:28:25,20260528-212448,log/pimaindians_diabetes_v3/7/infgain/noAug__noImbl__minmax/DTmodel,1779974700814_163e1a7b17799749055984488,0.6493506493506493,0.6127450980392157,0.6107407407407407,0.6116196525312908,0.6464222052457347,0.6493506493506493,0.6477785244831761,0.6493506493506493,0.6493506493506493,0.6493506493506493,0.6356407906949987
7,infgain,minmax,noAug,noImbl,DTmodel,last,0.5,0.2,23,2026-05-28 21:28:29,20260528-212448,log/pimaindians_diabetes_v3/7/infgain/noAug__noImbl__minmax/DTmodel,1779974700814_163e1a7b17799749094022290,0.6428571428571429,0.6468354430379747,0.6611111111111111,0.6360902255639098,0.6925858951175407,0.6428571428571429,0.6509129967776583,0.6428571428571429,0.6428571428571429,0.6428571428571429,0.650246585420755
7,infgain,minmax,noAug,noImbl,GradientBoosting,last,0.5,0.1,23,2026-05-28 21:28:26,20260528-212448,log/pimaindians_diabetes_v3/7/infgain/noAug__noImbl__minmax/GradientBoosting,1779974700814_163e1a7b17799749060342585,0.6623376623376623,0.6384992987377279,0.6462962962962963,0.6404454022988506,0.6750514562576274,0.6623376623376623,0.6669465591879384,0.6623376623376623,0.6623376623376623,0.6623376623376623,0.6570285642872482
7,infgain,minmax,noAug,noImbl,GradientBoosting,last,0.5,0.2,23,2026-05-28 21:28:29,20260528-212448,log/pimaindians_diabetes_v3/7/infgain/noAug__noImbl__minmax/GradientBoosting,1779974700814_163e1a7b17799749098324193,0.7337662337662337,0.7097992661342543,0.6799999999999999,0.6879663948603905,0.7251114954546856,0.7337662337662337,0.7236747438378277,0.7337662337662337,0.7337662337662337,0.7337662337662337,0.71674374047012
7,infgain,minmax,noAug,noImbl,LogisticRegression,last,0.5,0.1,23,2026-05-28 21:28:25,20260528-212448,log/pimaindians_diabetes_v3/7/infgain/noAug__noImbl__minmax/LogisticRegression,1779974700814_163e1a7b17799749057520526,0.6753246753246753,0.6600547195622435,0.6733333333333333,0.6606733650625771,0.6990779398440138,0.6753246753246753,0.6817346235643433,0.6753246753246753,0.6753246753246753,0.6753246753246753,0.6747376676978671
7,infgain,minmax,noAug,noImbl,LogisticRegression,last,0.5,0.2,23,2026-05-28 21:28:29,20260528-212448,log/pimaindians_diabetes_v3/7/infgain/noAug__noImbl__minmax/LogisticRegression,1779974700814_163e1a7b17799749095590030,0.7402597402597403,0.715561224489796,0.7190740740740741,0.7171717171717171,0.7426119798568779,0.7402597402597403,0.7413091958546504,0.7402597402597403,0.7402597402597403,0.7402597402597403,0.7326007608999259
7,infgain,minmax,noAug,noImbl,XGBmodel,last,0.5,0.1,23,2026-05-28 21:28:25,20260528-212448,log/pimaindians_diabetes_v3/7/infgain/noAug__noImbl__minmax/XGBmodel,1779974700814_163e1a7b17799749054414303,0.7012987012987013,0.6699623352165724,0.6337037037037037,0.6389398572884811,0.687541272287035,0.7012987012987013,0.6837602764208268,0.7012987012987013,0.7012987012987013,0.7012987012987013,0.6780452316966077
7,infgain,minmax,noAug,noImbl,XGBmodel,last,0.5,0.2,23,2026-05-28 21:28:29,20260528-212448,log/pimaindians_diabetes_v3/7/infgain/noAug__noImbl__minmax/XGBmodel,1779974700814_163e1a7b17799749092428094,0.7532467532467533,0.7424670433145009,0.6907407407407407,0.7017329255861366,0.74851419766674,0.7532467532467533,0.7387584892172049,0.7532467532467533,0.7532467532467533,0.7532467532467532,0.7355446116914004
7,infgain,minmax,noAug,noImbl,random_forest,last,0.5,0.1,23,2026-05-28 21:28:25,20260528-212448,log/pimaindians_diabetes_v3/7/infgain/noAug__noImbl__minmax/random_forest,1779974700814_163e1a7b17799749052545533,0.6623376623376623,0.6292592592592592,0.6292592592592592,0.6292592592592592,0.6623376623376623,0.6623376623376623,0.6623376623376623,0.6623376623376623,0.6623376623376623,0.6623376623376623,0.650760221260221
7,infgain,minmax,noAug,noImbl,random_forest,last,0.5,0.2,23,2026-05-28 21:28:29,20260528-212448,log/pimaindians_diabetes_v3/7/infgain/noAug__noImbl__minmax/random_forest,1779974700814_163e1a7b17799749090547576,0.7207792207792207,0.6922710831905577,0.6870370370370371,0.6893267651888342,0.7174898202882211,0.7207792207792207,0.7188535602328706,0.7207792207792207,0.7207792207792207,0.7207792207792207,0.7092185311765254
7,infgain,minmax,noAug,noImbl,sklearn_SVM,last,0.5,0.1,23,2026-05-28 21:28:24,20260528-212448,log/pimaindians_diabetes_v3/7/infgain/noAug__noImbl__minmax/sklearn_SVM,1779974700814_163e1a7b17799749049742431,0.6493506493506493,0.6084905660377358,0.6022222222222222,0.6042261564820103,0.6408968390100466,0.6493506493506493,0.6441439770965756,0.6493506493506493,0.6493506493506493,0.6493506493506493,0.6321567425040479
7,infgain,minmax,noAug,noImbl,sklearn_SVM,last,0.5,0.2,23,2026-05-28 21:28:28,20260528-212448,log/pimaindians_diabetes_v3/7/infgain/noAug__noImbl__minmax/sklearn_SVM,1779974700814_163e1a7b17799749087771329,0.7272727272727273,0.7021929824561404,0.6707407407407406,0.6784649035593557,0.7177830940988836,0.7272727272727273,0.7158842350729406,0.7272727272727273,0.7272727272727273,0.7272727272727273,0.7091331434335117
7,infgain,standard,noAug,noImbl,DTmodel,last,0.5,0.1,23,2026-05-28 21:28:41,20260528-212448,log/pimaindians_diabetes_v3/7/infgain/noAug__noImbl__standard/DTmodel,1779974700814_163e1a7b17799749210751741,0.6753246753246753,0.6387578616352201,0.6307407407407407,0.6335427374833429,0.6677591276647881,0.6753246753246753,0.6705036824968292,0.6753246753246753,0.6753246753246753,0.6753246753246753,0.6594626061309707
7,infgain,standard,noAug,noImbl,DTmodel,last,0.5,0.2,23,2026-05-28 21:28:45,20260528-212448,log/pimaindians_diabetes_v3/7/infgain/noAug__noImbl__standard/DTmodel,1779974700814_163e1a7b17799749250917154,0.6363636363636364,0.6144097222222222,0.622037037037037,0.615343443354148,0.6532512626262627,0.6363636363636364,0.6422025788662721,0.6363636363636364,0.6363636363636364,0.6363636363636364,0.6321471600670697
7,infgain,standard,noAug,noImbl,GradientBoosting,last,0.5,0.1,23,2026-05-28 21:28:41,20260528-212448,log/pimaindians_diabetes_v3/7/infgain/noAug__noImbl__standard/GradientBoosting,1779974700814_163e1a7b17799749216714610,0.6883116883116883,0.6529790660225443,0.6407407407407407,0.6446153846153846,0.6791935922370705,0.6883116883116883,0.6818381618381619,0.6883116883116883,0.6883116883116883,0.6883116883116883,0.6715840471927428
7,infgain,standard,noAug,noImbl,GradientBoosting,last,0.5,0.2,23,2026-05-28 21:28:45,20260528-212448,log/pimaindians_diabetes_v3/7/infgain/noAug__noImbl__standard/GradientBoosting,1779974700814_163e1a7b17799749255346244,0.7597402597402597,0.7376217935971365,0.7212962962962963,0.7274597024919883,0.7545792843068642,0.7597402597402597,0.7554767899150163,0.7597402597402597,0.7597402597402597,0.7597402597402597,0.7476863151771842
7,infgain,standard,noAug,noImbl,LogisticRegression,last,0.5,0.1,23,2026-05-28 21:28:41,20260528-212448,log/pimaindians_diabetes_v3/7/infgain/noAug__noImbl__standard/LogisticRegression,1779974700814_163e1a7b17799749213830695,0.7402597402597403,0.721415607985481,0.6807407407407406,0.6900161030595813,0.7325288141985057,0.7402597402597403,0.7272936403371186,0.7402597402597403,0.7402597402597403,0.7402597402597403,0.7221688739058737
7,infgain,standard,noAug,noImbl,LogisticRegression,last,0.5,0.2,23,2026-05-28 21:28:45,20260528-212448,log/pimaindians_diabetes_v3/7/infgain/noAug__noImbl__standard/LogisticRegression,1779974700814_163e1a7b17799749252545291,0.7727272727272727,0.7596589682710986,0.7227777777777777,0.7336298492710649,0.7680081627847654,0.7727272727272727,0.7641125862030235,0.7727272727272727,0.7727272727272727,0.7727272727272727,0.7587967652953863
7,infgain,standard,noAug,noImbl,XGBmodel,last,0.5,0.1,23,2026-05-28 21:28:40,20260528-212448,log/pimaindians_diabetes_v3/7/infgain/noAug__noImbl__standard/XGBmodel,1779974700814_163e1a7b17799749209162460,0.6753246753246753,0.6387578616352201,0.6307407407407407,0.6335427374833429,0.6677591276647881,0.6753246753246753,0.6705036824968292,0.6753246753246753,0.6753246753246753,0.6753246753246753,0.6594626061309707
7,infgain,standard,noAug,noImbl,XGBmodel,last,0.5,0.2,23,2026-05-28 21:28:44,20260528-212448,log/pimaindians_diabetes_v3/7/infgain/noAug__noImbl__standard/XGBmodel,1779974700814_163e1a7b17799749249303474,0.7467532467532467,0.7245966897129688,0.6985185185185185,0.7065520105535741,0.7395849488872746,0.7467532467532467,0.7389951134515554,0.7467532467532467,0.7467532467532467,0.7467532467532466,0.7318033830139441
7,infgain,standard,noAug,noImbl,random_forest,last,0.5,0.1,23,2026-05-28 21:28:40,20260528-212448,log/pimaindians_diabetes_v3/7/infgain/noAug__noImbl__standard/random_forest,1779974700814_163e1a7b17799749207295793,0.6883116883116883,0.655,0.6492592592592592,0.6515837104072397,0.6833766233766234,0.6883116883116883,0.6853734500793325,0.6883116883116883,0.6883116883116883,0.6883116883116883,0.6746318376612492
7,infgain,standard,noAug,noImbl,random_forest,last,0.5,0.2,23,2026-05-28 21:28:44,20260528-212448,log/pimaindians_diabetes_v3/7/infgain/noAug__noImbl__standard/random_forest,1779974700814_163e1a7b17799749247369985,0.7532467532467533,0.7288838612368025,0.7248148148148148,0.7266953110405381,0.7512977218859571,0.7532467532467533,0.7521404431548276,0.7532467532467533,0.7532467532467533,0.7532467532467532,0.7436237042217633
7,infgain,standard,noAug,noImbl,sklearn_SVM,last,0.5,0.1,23,2026-05-28 21:28:40,20260528-212448,log/pimaindians_diabetes_v3/7/infgain/noAug__noImbl__standard/sklearn_SVM,1779974700814_163e1a7b17799749204440356,0.6623376623376623,0.616606170598911,0.5951851851851852,0.5970209339774557,0.6435760247012515,0.6623376623376623,0.6454817324382541,0.6623376623376623,0.6623376623376623,0.6623376623376623,0.636847202945956
7,infgain,standard,noAug,noImbl,sklearn_SVM,last,0.5,0.2,23,2026-05-28 21:28:44,20260528-212448,log/pimaindians_diabetes_v3/7/infgain/noAug__noImbl__standard/sklearn_SVM,1779974700814_163e1a7b17799749244540717,0.7272727272727273,0.7021929824561404,0.6707407407407406,0.6784649035593557,0.7177830940988836,0.7272727272727273,0.7158842350729406,0.7272727272727273,0.7272727272727273,0.7272727272727273,0.7091331434335117
8,noSelect,minmax,noAug,noImbl,DTmodel,last,0.5,0.1,23,2026-05-28 21:28:56,20260528-212448,log/pimaindians_diabetes_v3/8/noSelect/noAug__noImbl__minmax/DTmodel,1779974700814_163e1a7b17799749368169955,0.6233766233766234,0.5782232704402516,0.5737037037037037,0.5749095754806777,0.6140345503553051,0.6233766233766234,0.617784271696322,0.6233766233766234,0.6233766233766234,0.6233766233766234,0.6048508788771253
8,noSelect,minmax,noAug,noImbl,DTmodel,last,0.5,0.2,23,2026-05-28 21:29:00,20260528-212448,log/pimaindians_diabetes_v3/8/noSelect/noAug__noImbl__minmax/DTmodel,1779974700814_163e1a7b17799749409136788,0.6948051948051948,0.6711616428697338,0.6798148148148149,0.6738905158819555,0.705149248776959,0.6948051948051948,0.698559111535007,0.6948051948051948,0.6948051948051948,0.6948051948051948,0.6894020926807729
8,noSelect,minmax,noAug,noImbl,GradientBoosting,last,0.5,0.1,23,2026-05-28 21:28:57,20260528-212448,log/pimaindians_diabetes_v3/8/noSelect/noAug__noImbl__minmax/GradientBoosting,1779974700814_163e1a7b17799749372709931,0.6883116883116883,0.6612787356321839,0.6662962962962963,0.6632653061224489,0.6940028362442155,0.6883116883116883,0.6906970580439968,0.6883116883116883,0.6883116883116883,0.6883116883116883,0.6805768167669116
8,noSelect,minmax,noAug,noImbl,GradientBoosting,last,0.5,0.2,23,2026-05-28 21:29:01,20260528-212448,log/pimaindians_diabetes_v3/8/noSelect/noAug__noImbl__minmax/GradientBoosting,1779974700814_163e1a7b17799749413573089,0.7142857142857143,0.6846153846153846,0.6777777777777778,0.6806184012066365,0.70989010989011,0.7142857142857143,0.7115923292393881,0.7142857142857143,0.7142857142857143,0.7142857142857143,0.7017742225095165
8,noSelect,minmax,noAug,noImbl,LogisticRegression,last,0.5,0.1,23,2026-05-28 21:28:56,20260528-212448,log/pimaindians_diabetes_v3/8/noSelect/noAug__noImbl__minmax/LogisticRegression,1779974700814_163e1a7b17799749369755438,0.6753246753246753,0.6600547195622435,0.6733333333333333,0.6606733650625771,0.6990779398440138,0.6753246753246753,0.6817346235643433,0.6753246753246753,0.6753246753246753,0.6753246753246753,0.6747376676978671
8,noSelect,minmax,noAug,noImbl,LogisticRegression,last,0.5,0.2,23,2026-05-28 21:29:01,20260528-212448,log/pimaindians_diabetes_v3/8/noSelect/noAug__noImbl__minmax/LogisticRegression,1779974700814_163e1a7b17799749410727388,0.7402597402597403,0.715561224489796,0.7190740740740741,0.7171717171717171,0.7426119798568779,0.7402597402597403,0.7413091958546504,0.7402597402597403,0.7402597402597403,0.7402597402597403,0.7326007608999259
8,noSelect,minmax,noAug,noImbl,XGBmodel,last,0.5,0.1,23,2026-05-28 21:28:56,20260528-212448,log/pimaindians_diabetes_v3/8/noSelect/noAug__noImbl__minmax/XGBmodel,1779974700814_163e1a7b17799749366565683,0.6623376623376623,0.6219806763285024,0.6122222222222222,0.615,0.6519229562707823,0.6623376623376623,0.6553246753246753,0.6623376623376623,0.6623376623376623,0.6623376623376623,0.6440963517159167
8,noSelect,minmax,noAug,noImbl,XGBmodel,last,0.5,0.2,23,2026-05-28 21:29:00,20260528-212448,log/pimaindians_diabetes_v3/8/noSelect/noAug__noImbl__minmax/XGBmodel,1779974700814_163e1a7b17799749407494346,0.7337662337662337,0.7075433231396535,0.6885185185185185,0.694843168527379,0.7263910401525081,0.7337662337662337,0.7273970049089666,0.7337662337662337,0.7337662337662337,0.7337662337662337,0.7190878077030132
8,noSelect,minmax,noAug,noImbl,random_forest,last,0.5,0.1,23,2026-05-28 21:28:56,20260528-212448,log/pimaindians_diabetes_v3/8/noSelect/noAug__noImbl__minmax/random_forest,1779974700814_163e1a7b17799749364569567,0.6233766233766234,0.6010416666666667,0.6077777777777778,0.6016057091882248,0.6405573593073592,0.6233766233766234,0.6294240995400674,0.6233766233766234,0.6233766233766234,0.6233766233766234,0.6189428010350734
8,noSelect,minmax,noAug,noImbl,random_forest,last,0.5,0.2,23,2026-05-28 21:29:00,20260528-212448,log/pimaindians_diabetes_v3/8/noSelect/noAug__noImbl__minmax/random_forest,1779974700814_163e1a7b17799749405558418,0.7272727272727273,0.7027658045977012,0.7090740740740741,0.7053571428571428,0.732432079414838,0.7272727272727273,0.7293599257884972,0.7272727272727273,0.7272727272727273,0.7272727272727273,0.7205438470145982
8,noSelect,minmax,noAug,noImbl,sklearn_SVM,last,0.5,0.1,23,2026-05-28 21:28:56,20260528-212448,log/pimaindians_diabetes_v3/8/noSelect/noAug__noImbl__minmax/sklearn_SVM,1779974700814_163e1a7b17799749361720673,0.6493506493506493,0.6045454545454545,0.5937037037037037,0.5959183673469388,0.6357733175914994,0.6493506493506493,0.6398091704214154,0.6493506493506493,0.6493506493506493,0.6493506493506493,0.6285016379895785
8,noSelect,minmax,noAug,noImbl,sklearn_SVM,last,0.5,0.2,23,2026-05-28 21:29:00,20260528-212448,log/pimaindians_diabetes_v3/8/noSelect/noAug__noImbl__minmax/sklearn_SVM,1779974700814_163e1a7b17799749402729396,0.7337662337662337,0.7097992661342543,0.6799999999999999,0.6879663948603905,0.7251114954546856,0.7337662337662337,0.7236747438378277,0.7337662337662337,0.7337662337662337,0.7337662337662337,0.71674374047012
8,noSelect,standard,noAug,noImbl,DTmodel,last,0.5,0.1,23,2026-05-28 21:29:12,20260528-212448,log/pimaindians_diabetes_v3/8/noSelect/noAug__noImbl__standard/DTmodel,1779974700814_163e1a7b17799749528473947,0.6493506493506493,0.6173469387755102,0.6192592592592592,0.6181818181818182,0.652398621786377,0.6493506493506493,0.650767414403778,0.6493506493506493,0.6493506493506493,0.6493506493506493,0.6389831266102136
8,noSelect,standard,noAug,noImbl,DTmodel,last,0.5,0.2,23,2026-05-28 21:29:17,20260528-212448,log/pimaindians_diabetes_v3/8/noSelect/noAug__noImbl__standard/DTmodel,1779974700814_163e1a7b17799749570118722,0.6363636363636364,0.6144097222222222,0.622037037037037,0.615343443354148,0.6532512626262627,0.6363636363636364,0.6422025788662721,0.6363636363636364,0.6363636363636364,0.6363636363636364,0.6321471600670697
8,noSelect,standard,noAug,noImbl,GradientBoosting,last,0.5,0.1,23,2026-05-28 21:29:13,20260528-212448,log/pimaindians_diabetes_v3/8/noSelect/noAug__noImbl__standard/GradientBoosting,1779974700814_163e1a7b17799749533090932,0.7142857142857143,0.6864791288566243,0.6522222222222223,0.6590177133655395,0.7028778843660877,0.7142857142857143,0.7000230043708305,0.7142857142857143,0.7142857142857143,0.7142857142857143,0.6937283169192344
8,noSelect,standard,noAug,noImbl,GradientBoosting,last,0.5,0.2,23,2026-05-28 21:29:17,20260528-212448,log/pimaindians_diabetes_v3/8/noSelect/noAug__noImbl__standard/GradientBoosting,1779974700814_163e1a7b17799749574739549,0.7597402597402597,0.7389398572884811,0.717037037037037,0.7246145667198298,0.7538901465506971,0.7597402597402597,0.7539924190641895,0.7597402597402597,0.7597402597402597,0.7597402597402597,0.7466738558513283
8,noSelect,standard,noAug,noImbl,LogisticRegression,last,0.5,0.1,23,2026-05-28 21:29:13,20260528-212448,log/pimaindians_diabetes_v3/8/noSelect/noAug__noImbl__standard/LogisticRegression,1779974700814_163e1a7b17799749530057991,0.7662337662337663,0.7656862745098039,0.7007407407407407,0.7136363636363636,0.7659791189202955,0.7662337662337663,0.7502951593860684,0.7662337662337663,0.7662337662337663,0.7662337662337663,0.749323848363955
8,noSelect,standard,noAug,noImbl,LogisticRegression,last,0.5,0.2,23,2026-05-28 21:29:17,20260528-212448,log/pimaindians_diabetes_v3/8/noSelect/noAug__noImbl__standard/LogisticRegression,1779974700814_163e1a7b17799749571772951,0.7727272727272727,0.7672672672672673,0.7142592592592593,0.7270471464019852,0.7704067704067705,0.7727272727272727,0.7604008894331475,0.7727272727272727,0.7727272727272727,0.7727272727272727,0.7574014441595084
8,noSelect,standard,noAug,noImbl,XGBmodel,last,0.5,0.1,23,2026-05-28 21:29:12,20260528-212448,log/pimaindians_diabetes_v3/8/noSelect/noAug__noImbl__standard/XGBmodel,1779974700814_163e1a7b17799749526820263,0.7142857142857143,0.6845238095238095,0.6607407407407406,0.667059748427673,0.7040816326530612,0.7142857142857143,0.7045148247978437,0.7142857142857143,0.7142857142857143,0.7142857142857143,0.696385089989874
8,noSelect,standard,noAug,noImbl,XGBmodel,last,0.5,0.2,23,2026-05-28 21:29:16,20260528-212448,log/pimaindians_diabetes_v3/8/noSelect/noAug__noImbl__standard/XGBmodel,1779974700814_163e1a7b17799749568445170,0.7402597402597403,0.7144261006289309,0.702037037037037,0.7068341899866742,0.7349148493016417,0.7402597402597403,0.7364029459974635,0.7402597402597403,0.7402597402597403,0.7402597402597403,0.7277272651982777
8,noSelect,standard,noAug,noImbl,random_forest,last,0.5,0.1,23,2026-05-28 21:29:12,20260528-212448,log/pimaindians_diabetes_v3/8/noSelect/noAug__noImbl__standard/random_forest,1779974700814_163e1a7b17799749524851129,0.6753246753246753,0.6363636363636364,0.6222222222222222,0.6258503401360545,0.6635182998819362,0.6753246753246753,0.6664899726124216,0.6753246753246753,0.6753246753246753,0.6753246753246753,0.656191332888921
8,noSelect,standard,noAug,noImbl,random_forest,last,0.5,0.2,23,2026-05-28 21:29:16,20260528-212448,log/pimaindians_diabetes_v3/8/noSelect/noAug__noImbl__standard/random_forest,1779974700814_163e1a7b17799749566360608,0.7532467532467533,0.7290740740740741,0.7290740740740741,0.7290740740740741,0.7532467532467533,0.7532467532467533,0.7532467532467533,0.7532467532467533,0.7532467532467533,0.7532467532467532,0.7447863155363152
8,noSelect,standard,noAug,noImbl,sklearn_SVM,last,0.5,0.1,23,2026-05-28 21:29:12,20260528-212448,log/pimaindians_diabetes_v3/8/noSelect/noAug__noImbl__standard/sklearn_SVM,1779974700814_163e1a7b17799749521905543,0.6753246753246753,0.6346491228070176,0.6137037037037036,0.6172201232849472,0.6599339257233994,0.6753246753246753,0.6617669465154054,0.6753246753246753,0.6753246753246753,0.6753246753246753,0.652806605823335
8,noSelect,standard,noAug,noImbl,sklearn_SVM,last,0.5,0.2,23,2026-05-28 21:29:16,20260528-212448,log/pimaindians_diabetes_v3/8/noSelect/noAug__noImbl__standard/sklearn_SVM,1779974700814_163e1a7b17799749563476944,0.7532467532467533,0.7318181818181818,0.7077777777777778,0.7156462585034014,0.7467532467532467,0.7532467532467533,0.7465323791854404,0.7532467532467533,0.7532467532467533,0.7532467532467532,0.7392604175869479
